1000.00, 0.00
1050.00, 0.01
1100.00, 0.02
1150.00, 0.03
1200.00, 0.04
1250.00, 0.04
1300.00, 0.05
1350.00, 0.06
1400.00, 0.06
1450.00, 0.07
1500.00, 0.07
1550.00, 0.08
1600.00, 0.08
1650.00, 0.09
1700.00, 0.09
1750.00, 0.09
1800.00, 0.10
1850.00, 0.10
1900.00, 0.10
1950.00, 0.11
2000.00, 0.11
2050.00, 0.11
2100.00, 0.12
2150.00, 0.12
2200.00, 0.12
2250.00, 0.12
2300.00, 0.12
2350.00, 0.13
2400.00, 0.13
2450.00, 0.13
2500.00, 0.13
2550.00, 0.13
2600.00, 0.14
2650.00, 0.14
2700.00, 0.14
2750.00, 0.14
2800.00, 0.14
2850.00, 0.14
2900.00, 0.14
2950.00, 0.15
3000.00, 0.15
3050.00, 0.15
3100.00, 0.15
3150.00, 0.15
3200.00, 0.15
3250.00, 0.15
3300.00, 0.15
3350.00, 0.15
3400.00, 0.16
3450.00, 0.16
3500.00, 0.16
3550.00, 0.16
3600.00, 0.16
3650.00, 0.16
3700.00, 0.16
3750.00, 0.16
3800.00, 0.16
3850.00, 0.16
3900.00, 0.16
3950.00, 0.16
4000.00, 0.17
4050.00, 0.17
4100.00, 0.17
4150.00, 0.17
4200.00, 0.17
4250.00, 0.17
4300.00, 0.17
4350.00, 0.17
4400.00, 0.17
4450.00, 0.17
4500.00, 0.17
4550.00, 0.17
4600.00, 0.17
4650.00, 0.17
4700.00, 0.17
4750.00, 0.17
4800.00, 0.17
4850.00, 0.17
4900.00, 0.18
4950.00, 0.18
5000.00, 0.18
5050.00, 0.18
5100.00, 0.18
5150.00, 0.18
5200.00, 0.18
5250.00, 0.18
5300.00, 0.18
5350.00, 0.19
5400.00, 0.19
5450.00, 0.19
5500.00, 0.19
5550.00, 0.19
5600.00, 0.19
5650.00, 0.19
5700.00, 0.19
5750.00, 0.20
5800.00, 0.20
5850.00, 0.20
5900.00, 0.20
5950.00, 0.20
6000.00, 0.20
6050.00, 0.20
6100.00, 0.20
6150.00, 0.20
6200.00, 0.21
6250.00, 0.21
6300.00, 0.21
6350.00, 0.21
6400.00, 0.21
6450.00, 0.21
6500.00, 0.21
6550.00, 0.21
6600.00, 0.21
6650.00, 0.21
6700.00, 0.22
6750.00, 0.22
6800.00, 0.22
6850.00, 0.22
6900.00, 0.22
6950.00, 0.22
7000.00, 0.22
7050.00, 0.22
7100.00, 0.22
7150.00, 0.22
7200.00, 0.22
7250.00, 0.22
7300.00, 0.22
7350.00, 0.23
7400.00, 0.23
7450.00, 0.23
7500.00, 0.23
7550.00, 0.23
7600.00, 0.23
7650.00, 0.23
7700.00, 0.23
7750.00, 0.23
7800.00, 0.23
7850.00, 0.23
7900.00, 0.23
7950.00, 0.23
8000.00, 0.23
8050.00, 0.23
8100.00, 0.23
8150.00, 0.24
8200.00, 0.24
8250.00, 0.24
8300.00, 0.24
8350.00, 0.24
8400.00, 0.24
8450.00, 0.24
8500.00, 0.24
8550.00, 0.24
8600.00, 0.24
8650.00, 0.24
8700.00, 0.24
8750.00, 0.24
8800.00, 0.24
8850.00, 0.24
8900.00, 0.24
8950.00, 0.24
9000.00, 0.24
9050.00, 0.24
9100.00, 0.25
9150.00, 0.25
9200.00, 0.25
9250.00, 0.25
9300.00, 0.25
9350.00, 0.25
9400.00, 0.25
9450.00, 0.25
9500.00, 0.25
9550.00, 0.25
9600.00, 0.25
9650.00, 0.25
9700.00, 0.25
9750.00, 0.25
9800.00, 0.25
9850.00, 0.25
9900.00, 0.25
9950.00, 0.25
10000.00, 0.25
10050.00, 0.25
10100.00, 0.25
10150.00, 0.26
10200.00, 0.26
10250.00, 0.26
10300.00, 0.26
10350.00, 0.26
10400.00, 0.26
10450.00, 0.26
10500.00, 0.26
10550.00, 0.26
10600.00, 0.26
10650.00, 0.26
10700.00, 0.27
10750.00, 0.27
10800.00, 0.27
10850.00, 0.27
10900.00, 0.27
10950.00, 0.27
11000.00, 0.27
11050.00, 0.27
11100.00, 0.27
11150.00, 0.27
11200.00, 0.27
11250.00, 0.27
11300.00, 0.27
11350.00, 0.28
11400.00, 0.28
11450.00, 0.28
11500.00, 0.28
11550.00, 0.28
11600.00, 0.28
11650.00, 0.28
11700.00, 0.28
11750.00, 0.28
11800.00, 0.28
11850.00, 0.28
11900.00, 0.28
11950.00, 0.28
12000.00, 0.28
12050.00, 0.28
12100.00, 0.29
12150.00, 0.29
12200.00, 0.29
12250.00, 0.29
12300.00, 0.29
12350.00, 0.29
12400.00, 0.29
12450.00, 0.29
12500.00, 0.29
12550.00, 0.29
12600.00, 0.29
12650.00, 0.29
12700.00, 0.29
12750.00, 0.29
12800.00, 0.29
12850.00, 0.29
12900.00, 0.30
12950.00, 0.30
13000.00, 0.30
13050.00, 0.30
13100.00, 0.30
13150.00, 0.30
13200.00, 0.30
13250.00, 0.30
13300.00, 0.30
13350.00, 0.30
13400.00, 0.30
13450.00, 0.30
13500.00, 0.30
13550.00, 0.30
13600.00, 0.30
13650.00, 0.30
13700.00, 0.30
13750.00, 0.30
13800.00, 0.30
13850.00, 0.30
13900.00, 0.31
13950.00, 0.31
14000.00, 0.31
14050.00, 0.31
14100.00, 0.31
14150.00, 0.31
14200.00, 0.31
14250.00, 0.31
14300.00, 0.31
14350.00, 0.31
14400.00, 0.31
14450.00, 0.31
14500.00, 0.31
14550.00, 0.31
14600.00, 0.31
14650.00, 0.31
14700.00, 0.31
14750.00, 0.31
14800.00, 0.31
14850.00, 0.31
14900.00, 0.31
14950.00, 0.31
15000.00, 0.32
15050.00, 0.32
15100.00, 0.32
15150.00, 0.32
15200.00, 0.32
15250.00, 0.32
15300.00, 0.32
15350.00, 0.32
15400.00, 0.32
15450.00, 0.32
15500.00, 0.32
15550.00, 0.32
15600.00, 0.32
15650.00, 0.32
15700.00, 0.32
15750.00, 0.32
15800.00, 0.32
15850.00, 0.32
15900.00, 0.32
15950.00, 0.32
16000.00, 0.32
16050.00, 0.32
16100.00, 0.32
16150.00, 0.32
16200.00, 0.32
16250.00, 0.32
16300.00, 0.33
16350.00, 0.33
16400.00, 0.33
16450.00, 0.33
16500.00, 0.33
16550.00, 0.33
16600.00, 0.33
16650.00, 0.33
16700.00, 0.33
16750.00, 0.33
16800.00, 0.33
16850.00, 0.33
16900.00, 0.33
16950.00, 0.33
17000.00, 0.33
17050.00, 0.33
17100.00, 0.33
17150.00, 0.33
17200.00, 0.33
17250.00, 0.33
17300.00, 0.33
17350.00, 0.33
17400.00, 0.33
17450.00, 0.33
17500.00, 0.33
17550.00, 0.33
17600.00, 0.33
17650.00, 0.33
17700.00, 0.33
17750.00, 0.33
17800.00, 0.33
17850.00, 0.34
17900.00, 0.34
17950.00, 0.34
18000.00, 0.34
18050.00, 0.34
18100.00, 0.34
18150.00, 0.34
18200.00, 0.34
18250.00, 0.34
18300.00, 0.34
18350.00, 0.34
18400.00, 0.34
18450.00, 0.34
18500.00, 0.34
18550.00, 0.34
18600.00, 0.34
18650.00, 0.34
18700.00, 0.34
18750.00, 0.34
18800.00, 0.34
18850.00, 0.34
18900.00, 0.34
18950.00, 0.34
19000.00, 0.34
19050.00, 0.34
19100.00, 0.34
19150.00, 0.34
19200.00, 0.34
19250.00, 0.34
19300.00, 0.34
19350.00, 0.34
19400.00, 0.34
19450.00, 0.34
19500.00, 0.34
19550.00, 0.34
19600.00, 0.34
19650.00, 0.34
19700.00, 0.35
19750.00, 0.35
19800.00, 0.35
19850.00, 0.35
19900.00, 0.35
19950.00, 0.35
20000.00, 0.35
20050.00, 0.35
20100.00, 0.35
20150.00, 0.35
20200.00, 0.35
20250.00, 0.35
20300.00, 0.35
20350.00, 0.35
20400.00, 0.35
20450.00, 0.35
20500.00, 0.35
20550.00, 0.35
20600.00, 0.35
20650.00, 0.35
20700.00, 0.35
20750.00, 0.35
20800.00, 0.35
20850.00, 0.35
20900.00, 0.35
20950.00, 0.35
21000.00, 0.35
21050.00, 0.35
21100.00, 0.35
21150.00, 0.35
21200.00, 0.35
21250.00, 0.35
21300.00, 0.35
21350.00, 0.36
21400.00, 0.36
21450.00, 0.36
21500.00, 0.36
21550.00, 0.36
21600.00, 0.36
21650.00, 0.36
21700.00, 0.36
21750.00, 0.36
21800.00, 0.36
21850.00, 0.36
21900.00, 0.36
21950.00, 0.36
22000.00, 0.36
22050.00, 0.36
22100.00, 0.36
22150.00, 0.36
22200.00, 0.36
22250.00, 0.36
22300.00, 0.36
22350.00, 0.36
22400.00, 0.36
22450.00, 0.36
22500.00, 0.37
22550.00, 0.37
22600.00, 0.37
22650.00, 0.37
22700.00, 0.37
22750.00, 0.37
22800.00, 0.37
22850.00, 0.37
22900.00, 0.37
22950.00, 0.37
23000.00, 0.37
23050.00, 0.37
23100.00, 0.37
23150.00, 0.37
23200.00, 0.37
23250.00, 0.37
23300.00, 0.37
23350.00, 0.37
23400.00, 0.37
23450.00, 0.37
23500.00, 0.37
23550.00, 0.37
23600.00, 0.37
23650.00, 0.37
23700.00, 0.37
23750.00, 0.37
23800.00, 0.38
23850.00, 0.38
23900.00, 0.38
23950.00, 0.38
24000.00, 0.38
24050.00, 0.38
24100.00, 0.38
24150.00, 0.38
24200.00, 0.38
24250.00, 0.38
24300.00, 0.38
24350.00, 0.38
24400.00, 0.38
24450.00, 0.38
24500.00, 0.38
24550.00, 0.38
24600.00, 0.38
24650.00, 0.38
24700.00, 0.38
24750.00, 0.38
24800.00, 0.38
24850.00, 0.38
24900.00, 0.38
24950.00, 0.38
25000.00, 0.38
25050.00, 0.38
25100.00, 0.38
25150.00, 0.38
25200.00, 0.38
25250.00, 0.39
25300.00, 0.39
25350.00, 0.39
25400.00, 0.39
25450.00, 0.39
25500.00, 0.39
25550.00, 0.39
25600.00, 0.39
25650.00, 0.39
25700.00, 0.39
25750.00, 0.39
25800.00, 0.39
25850.00, 0.39
25900.00, 0.39
25950.00, 0.39
26000.00, 0.39
26050.00, 0.39
26100.00, 0.39
26150.00, 0.39
26200.00, 0.39
26250.00, 0.39
26300.00, 0.39
26350.00, 0.39
26400.00, 0.39
26450.00, 0.39
26500.00, 0.39
26550.00, 0.39
26600.00, 0.39
26650.00, 0.39
26700.00, 0.39
26750.00, 0.39
26800.00, 0.39
26850.00, 0.40
26900.00, 0.40
26950.00, 0.40
27000.00, 0.40
27050.00, 0.40
27100.00, 0.40
27150.00, 0.40
27200.00, 0.40
27250.00, 0.40
27300.00, 0.40
27350.00, 0.40
27400.00, 0.40
27450.00, 0.40
27500.00, 0.40
27550.00, 0.40
27600.00, 0.40
27650.00, 0.40
27700.00, 0.40
27750.00, 0.40
27800.00, 0.40
27850.00, 0.40
27900.00, 0.40
27950.00, 0.40
28000.00, 0.40
28050.00, 0.40
28100.00, 0.40
28150.00, 0.40
28200.00, 0.40
28250.00, 0.40
28300.00, 0.40
28350.00, 0.40
28400.00, 0.40
28450.00, 0.40
28500.00, 0.40
28550.00, 0.40
28600.00, 0.40
28650.00, 0.40
28700.00, 0.40
28750.00, 0.41
28800.00, 0.41
28850.00, 0.41
28900.00, 0.41
28950.00, 0.41
29000.00, 0.41
29050.00, 0.41
29100.00, 0.41
29150.00, 0.41
29200.00, 0.41
29250.00, 0.41
29300.00, 0.41
29350.00, 0.41
29400.00, 0.41
29450.00, 0.41
29500.00, 0.41
29550.00, 0.41
29600.00, 0.41
29650.00, 0.41
29700.00, 0.41
29750.00, 0.41
29800.00, 0.41
29850.00, 0.41
29900.00, 0.41
29950.00, 0.41
30000.00, 0.41
30050.00, 0.41
30100.00, 0.41
30150.00, 0.41
30200.00, 0.41
30250.00, 0.41
30300.00, 0.41
30350.00, 0.41
30400.00, 0.41
30450.00, 0.41
30500.00, 0.41
30550.00, 0.41
30600.00, 0.41
30650.00, 0.41
30700.00, 0.41
30750.00, 0.41
30800.00, 0.41
30850.00, 0.42
30900.00, 0.42
30950.00, 0.42
31000.00, 0.42
31050.00, 0.42
31100.00, 0.42
31150.00, 0.42
31200.00, 0.42
31250.00, 0.42
31300.00, 0.42
31350.00, 0.42
31400.00, 0.42
31450.00, 0.42
31500.00, 0.42
31550.00, 0.42
31600.00, 0.42
31650.00, 0.42
31700.00, 0.42
31750.00, 0.42
31800.00, 0.42
31850.00, 0.42
31900.00, 0.42
31950.00, 0.42
32000.00, 0.42
32050.00, 0.42
32100.00, 0.42
32150.00, 0.42
32200.00, 0.42
32250.00, 0.42
32300.00, 0.42
32350.00, 0.42
32400.00, 0.42
32450.00, 0.42
32500.00, 0.42
32550.00, 0.42
32600.00, 0.42
32650.00, 0.42
32700.00, 0.42
32750.00, 0.42
32800.00, 0.42
32850.00, 0.42
32900.00, 0.42
32950.00, 0.42
33000.00, 0.42
33050.00, 0.42
33100.00, 0.42
33150.00, 0.42
33200.00, 0.42
33250.00, 0.42
33300.00, 0.43
33350.00, 0.43
33400.00, 0.43
33450.00, 0.43
33500.00, 0.43
33550.00, 0.43
33600.00, 0.43
33650.00, 0.43
33700.00, 0.43
33750.00, 0.43
33800.00, 0.43
33850.00, 0.43
33900.00, 0.43
33950.00, 0.43
34000.00, 0.43
34050.00, 0.43
34100.00, 0.43
34150.00, 0.43
34200.00, 0.43
34250.00, 0.43
34300.00, 0.43
34350.00, 0.43
34400.00, 0.43
34450.00, 0.43
34500.00, 0.43
34550.00, 0.43
34600.00, 0.43
34650.00, 0.43
34700.00, 0.43
34750.00, 0.43
34800.00, 0.43
34850.00, 0.43
34900.00, 0.43
34950.00, 0.43
35000.00, 0.43
35050.00, 0.43
35100.00, 0.43
35150.00, 0.43
35200.00, 0.43
35250.00, 0.43
35300.00, 0.43
35350.00, 0.43
35400.00, 0.43
35450.00, 0.43
35500.00, 0.43
35550.00, 0.43
35600.00, 0.43
35650.00, 0.43
35700.00, 0.43
35750.00, 0.43
35800.00, 0.43
35850.00, 0.43
35900.00, 0.43
35950.00, 0.43
36000.00, 0.43
36050.00, 0.43
36100.00, 0.43
36150.00, 0.43
36200.00, 0.44
36250.00, 0.44
36300.00, 0.44
36350.00, 0.44
36400.00, 0.44
36450.00, 0.44
36500.00, 0.44
36550.00, 0.44
36600.00, 0.44
36650.00, 0.44
36700.00, 0.44
36750.00, 0.44
36800.00, 0.44
36850.00, 0.44
36900.00, 0.44
36950.00, 0.44
37000.00, 0.44
37050.00, 0.44
37100.00, 0.44
37150.00, 0.44
37200.00, 0.44
37250.00, 0.44
37300.00, 0.44
37350.00, 0.44
37400.00, 0.44
37450.00, 0.44
37500.00, 0.44
37550.00, 0.44
37600.00, 0.44
37650.00, 0.44
37700.00, 0.44
37750.00, 0.44
37800.00, 0.44
37850.00, 0.44
37900.00, 0.44
37950.00, 0.44
38000.00, 0.44
38050.00, 0.44
38100.00, 0.44
38150.00, 0.44
38200.00, 0.44
38250.00, 0.44
38300.00, 0.44
38350.00, 0.44
38400.00, 0.44
38450.00, 0.44
38500.00, 0.44
38550.00, 0.44
38600.00, 0.44
38650.00, 0.44
38700.00, 0.44
38750.00, 0.44
38800.00, 0.44
38850.00, 0.44
38900.00, 0.44
38950.00, 0.44
39000.00, 0.44
39050.00, 0.44
39100.00, 0.44
39150.00, 0.44
39200.00, 0.44
39250.00, 0.44
39300.00, 0.44
39350.00, 0.44
39400.00, 0.44
39450.00, 0.44
39500.00, 0.44
39550.00, 0.44
39600.00, 0.44
39650.00, 0.45
39700.00, 0.45
39750.00, 0.45
39800.00, 0.45
39850.00, 0.45
39900.00, 0.45
39950.00, 0.45
40000.00, 0.45
40050.00, 0.45
40100.00, 0.45
40150.00, 0.45
40200.00, 0.45
40250.00, 0.45
40300.00, 0.45
40350.00, 0.45
40400.00, 0.45
40450.00, 0.45
40500.00, 0.45
40550.00, 0.45
40600.00, 0.45
40650.00, 0.45
40700.00, 0.45
40750.00, 0.45
40800.00, 0.45
40850.00, 0.45
40900.00, 0.45
40950.00, 0.45
41000.00, 0.45
41050.00, 0.45
41100.00, 0.45
41150.00, 0.45
41200.00, 0.45
41250.00, 0.45
41300.00, 0.45
41350.00, 0.45
41400.00, 0.45
41450.00, 0.45
41500.00, 0.45
41550.00, 0.45
41600.00, 0.45
41650.00, 0.45
41700.00, 0.45
41750.00, 0.45
41800.00, 0.45
41850.00, 0.45
41900.00, 0.45
41950.00, 0.45
42000.00, 0.45
42050.00, 0.45
42100.00, 0.45
42150.00, 0.45
42200.00, 0.45
42250.00, 0.45
42300.00, 0.45
42350.00, 0.45
42400.00, 0.46
42450.00, 0.46
42500.00, 0.46
42550.00, 0.46
42600.00, 0.46
42650.00, 0.46
42700.00, 0.46
42750.00, 0.46
42800.00, 0.46
42850.00, 0.46
42900.00, 0.46
42950.00, 0.46
43000.00, 0.46
43050.00, 0.46
43100.00, 0.46
43150.00, 0.46
43200.00, 0.46
43250.00, 0.46
43300.00, 0.46
43350.00, 0.46
43400.00, 0.46
43450.00, 0.46
43500.00, 0.46
43550.00, 0.46
43600.00, 0.46
43650.00, 0.46
43700.00, 0.46
43750.00, 0.46
43800.00, 0.46
43850.00, 0.47
43900.00, 0.47
43950.00, 0.47
44000.00, 0.47
44050.00, 0.47
44100.00, 0.47
44150.00, 0.47
44200.00, 0.47
44250.00, 0.47
44300.00, 0.47
44350.00, 0.47
44400.00, 0.47
44450.00, 0.47
44500.00, 0.47
44550.00, 0.47
44600.00, 0.47
44650.00, 0.47
44700.00, 0.47
44750.00, 0.47
44800.00, 0.47
44850.00, 0.47
44900.00, 0.47
44950.00, 0.47
45000.00, 0.47
45050.00, 0.47
45100.00, 0.47
45150.00, 0.47
45200.00, 0.47
45250.00, 0.47
45300.00, 0.47
45350.00, 0.47
45400.00, 0.47
45450.00, 0.48
45500.00, 0.48
45550.00, 0.48
45600.00, 0.48
45650.00, 0.48
45700.00, 0.48
45750.00, 0.48
45800.00, 0.48
45850.00, 0.48
45900.00, 0.48
45950.00, 0.48
46000.00, 0.48
46050.00, 0.48
46100.00, 0.48
46150.00, 0.48
46200.00, 0.48
46250.00, 0.48
46300.00, 0.48
46350.00, 0.48
46400.00, 0.48
46450.00, 0.48
46500.00, 0.48
46550.00, 0.48
46600.00, 0.48
46650.00, 0.48
46700.00, 0.48
46750.00, 0.48
46800.00, 0.48
46850.00, 0.48
46900.00, 0.48
46950.00, 0.48
47000.00, 0.48
47050.00, 0.48
47100.00, 0.48
47150.00, 0.48
47200.00, 0.49
47250.00, 0.49
47300.00, 0.49
47350.00, 0.49
47400.00, 0.49
47450.00, 0.49
47500.00, 0.49
47550.00, 0.49
47600.00, 0.49
47650.00, 0.49
47700.00, 0.49
47750.00, 0.49
47800.00, 0.49
47850.00, 0.49
47900.00, 0.49
47950.00, 0.49
48000.00, 0.49
48050.00, 0.49
48100.00, 0.49
48150.00, 0.49
48200.00, 0.49
48250.00, 0.49
48300.00, 0.49
48350.00, 0.49
48400.00, 0.49
48450.00, 0.49
48500.00, 0.49
48550.00, 0.49
48600.00, 0.49
48650.00, 0.49
48700.00, 0.49
48750.00, 0.49
48800.00, 0.49
48850.00, 0.49
48900.00, 0.49
48950.00, 0.49
49000.00, 0.50
49050.00, 0.50
49100.00, 0.50
49150.00, 0.50
49200.00, 0.50
49250.00, 0.50
49300.00, 0.50
49350.00, 0.50
49400.00, 0.50
49450.00, 0.50
49500.00, 0.50
49550.00, 0.50
49600.00, 0.50
49650.00, 0.50
49700.00, 0.50
49750.00, 0.50
49800.00, 0.50
49850.00, 0.50
49900.00, 0.50
49950.00, 0.50
50000.00, 0.50
50050.00, 0.50
50100.00, 0.50
50150.00, 0.50
50200.00, 0.50
50250.00, 0.50
50300.00, 0.50
50350.00, 0.50
50400.00, 0.50
50450.00, 0.50
50500.00, 0.50
50550.00, 0.50
50600.00, 0.50
50650.00, 0.50
50700.00, 0.50
50750.00, 0.50
50800.00, 0.50
50850.00, 0.50
50900.00, 0.50
50950.00, 0.50
51000.00, 0.50
51050.00, 0.51
51100.00, 0.51
51150.00, 0.51
51200.00, 0.51
51250.00, 0.51
51300.00, 0.51
51350.00, 0.51
51400.00, 0.51
51450.00, 0.51
51500.00, 0.51
51550.00, 0.51
51600.00, 0.51
51650.00, 0.51
51700.00, 0.51
51750.00, 0.51
51800.00, 0.51
51850.00, 0.51
51900.00, 0.51
51950.00, 0.51
52000.00, 0.51
52050.00, 0.51
52100.00, 0.51
52150.00, 0.51
52200.00, 0.51
52250.00, 0.51
52300.00, 0.51
52350.00, 0.51
52400.00, 0.51
52450.00, 0.51
52500.00, 0.51
52550.00, 0.51
52600.00, 0.51
52650.00, 0.51
52700.00, 0.51
52750.00, 0.51
52800.00, 0.51
52850.00, 0.51
52900.00, 0.51
52950.00, 0.51
53000.00, 0.51
53050.00, 0.51
53100.00, 0.51
53150.00, 0.51
53200.00, 0.52
53250.00, 0.52
53300.00, 0.52
53350.00, 0.52
53400.00, 0.52
53450.00, 0.52
53500.00, 0.52
53550.00, 0.52
53600.00, 0.52
53650.00, 0.52
53700.00, 0.52
53750.00, 0.52
53800.00, 0.52
53850.00, 0.52
53900.00, 0.52
53950.00, 0.52
54000.00, 0.52
54050.00, 0.52
54100.00, 0.52
54150.00, 0.52
54200.00, 0.52
54250.00, 0.52
54300.00, 0.52
54350.00, 0.52
54400.00, 0.52
54450.00, 0.52
54500.00, 0.52
54550.00, 0.52
54600.00, 0.52
54650.00, 0.52
54700.00, 0.52
54750.00, 0.52
54800.00, 0.52
54850.00, 0.52
54900.00, 0.52
54950.00, 0.52
55000.00, 0.52
55050.00, 0.52
55100.00, 0.52
55150.00, 0.52
55200.00, 0.52
55250.00, 0.52
55300.00, 0.52
55350.00, 0.52
55400.00, 0.52
55450.00, 0.52
55500.00, 0.52
55550.00, 0.53
55600.00, 0.53
55650.00, 0.53
55700.00, 0.53
55750.00, 0.53
55800.00, 0.53
55850.00, 0.53
55900.00, 0.53
55950.00, 0.53
56000.00, 0.53
56050.00, 0.53
56100.00, 0.53
56150.00, 0.53
56200.00, 0.53
56250.00, 0.53
56300.00, 0.53
56350.00, 0.53
56400.00, 0.53
56450.00, 0.53
56500.00, 0.53
56550.00, 0.53
56600.00, 0.53
56650.00, 0.53
56700.00, 0.53
56750.00, 0.53
56800.00, 0.53
56850.00, 0.53
56900.00, 0.53
56950.00, 0.53
57000.00, 0.53
57050.00, 0.53
57100.00, 0.53
57150.00, 0.53
57200.00, 0.53
57250.00, 0.53
57300.00, 0.53
57350.00, 0.53
57400.00, 0.53
57450.00, 0.53
57500.00, 0.53
57550.00, 0.53
57600.00, 0.53
57650.00, 0.53
57700.00, 0.53
57750.00, 0.53
57800.00, 0.53
57850.00, 0.53
57900.00, 0.53
57950.00, 0.53
58000.00, 0.53
58050.00, 0.53
58100.00, 0.53
58150.00, 0.54
58200.00, 0.54
58250.00, 0.54
58300.00, 0.54
58350.00, 0.54
58400.00, 0.54
58450.00, 0.54
58500.00, 0.54
58550.00, 0.54
58600.00, 0.54
58650.00, 0.54
58700.00, 0.54
58750.00, 0.54
58800.00, 0.54
58850.00, 0.54
58900.00, 0.54
58950.00, 0.54
59000.00, 0.54
59050.00, 0.54
59100.00, 0.54
59150.00, 0.54
59200.00, 0.54
59250.00, 0.54
59300.00, 0.54
59350.00, 0.54
59400.00, 0.54
59450.00, 0.54
59500.00, 0.54
59550.00, 0.54
59600.00, 0.54
59650.00, 0.54
59700.00, 0.54
59750.00, 0.54
59800.00, 0.54
59850.00, 0.54
59900.00, 0.54
59950.00, 0.54
60000.00, 0.54
60050.00, 0.54
60100.00, 0.54
60150.00, 0.54
60200.00, 0.54
60250.00, 0.54
60300.00, 0.54
60350.00, 0.54
60400.00, 0.54
60450.00, 0.54
60500.00, 0.54
60550.00, 0.54
60600.00, 0.54
60650.00, 0.54
60700.00, 0.54
60750.00, 0.54
60800.00, 0.54
60850.00, 0.54
60900.00, 0.54
60950.00, 0.54
61000.00, 0.55
61050.00, 0.55
61100.00, 0.55
61150.00, 0.55
61200.00, 0.55
61250.00, 0.55
61300.00, 0.55
61350.00, 0.55
61400.00, 0.55
61450.00, 0.55
61500.00, 0.55
61550.00, 0.55
61600.00, 0.55
61650.00, 0.55
61700.00, 0.55
61750.00, 0.55
61800.00, 0.55
61850.00, 0.55
61900.00, 0.55
61950.00, 0.55
62000.00, 0.55
62050.00, 0.55
62100.00, 0.55
62150.00, 0.55
62200.00, 0.55
62250.00, 0.55
62300.00, 0.55
62350.00, 0.55
62400.00, 0.55
62450.00, 0.55
62500.00, 0.55
62550.00, 0.55
62600.00, 0.55
62650.00, 0.55
62700.00, 0.55
62750.00, 0.55
62800.00, 0.55
62850.00, 0.55
62900.00, 0.55
62950.00, 0.55
63000.00, 0.55
63050.00, 0.55
63100.00, 0.55
63150.00, 0.55
63200.00, 0.55
63250.00, 0.55
63300.00, 0.55
63350.00, 0.55
63400.00, 0.55
63450.00, 0.55
63500.00, 0.55
63550.00, 0.55
63600.00, 0.55
63650.00, 0.55
63700.00, 0.55
63750.00, 0.55
63800.00, 0.55
63850.00, 0.55
63900.00, 0.55
63950.00, 0.55
64000.00, 0.55
64050.00, 0.55
64100.00, 0.56
64150.00, 0.56
64200.00, 0.56
64250.00, 0.56
64300.00, 0.56
64350.00, 0.56
64400.00, 0.56
64450.00, 0.56
64500.00, 0.56
64550.00, 0.56
64600.00, 0.56
64650.00, 0.56
64700.00, 0.56
64750.00, 0.56
64800.00, 0.56
64850.00, 0.56
64900.00, 0.56
64950.00, 0.56
65000.00, 0.56
65050.00, 0.56
65100.00, 0.56
65150.00, 0.56
65200.00, 0.56
65250.00, 0.56
65300.00, 0.56
65350.00, 0.56
65400.00, 0.56
65450.00, 0.56
65500.00, 0.56
65550.00, 0.56
65600.00, 0.56
65650.00, 0.56
65700.00, 0.56
65750.00, 0.56
65800.00, 0.56
65850.00, 0.56
65900.00, 0.56
65950.00, 0.56
66000.00, 0.56
66050.00, 0.56
66100.00, 0.56
66150.00, 0.56
66200.00, 0.56
66250.00, 0.56
66300.00, 0.56
66350.00, 0.56
66400.00, 0.56
66450.00, 0.56
66500.00, 0.56
66550.00, 0.56
66600.00, 0.56
66650.00, 0.56
66700.00, 0.56
66750.00, 0.56
66800.00, 0.56
66850.00, 0.56
66900.00, 0.56
66950.00, 0.56
67000.00, 0.56
67050.00, 0.56
67100.00, 0.56
67150.00, 0.56
67200.00, 0.56
67250.00, 0.56
67300.00, 0.56
67350.00, 0.56
67400.00, 0.56
67450.00, 0.56
67500.00, 0.56
67550.00, 0.57
67600.00, 0.57
67650.00, 0.57
67700.00, 0.57
67750.00, 0.57
67800.00, 0.57
67850.00, 0.57
67900.00, 0.57
67950.00, 0.57
68000.00, 0.57
68050.00, 0.57
68100.00, 0.57
68150.00, 0.57
68200.00, 0.57
68250.00, 0.57
68300.00, 0.57
68350.00, 0.57
68400.00, 0.57
68450.00, 0.57
68500.00, 0.57
68550.00, 0.57
68600.00, 0.57
68650.00, 0.57
68700.00, 0.57
68750.00, 0.57
68800.00, 0.57
68850.00, 0.57
68900.00, 0.57
68950.00, 0.57
69000.00, 0.57
69050.00, 0.57
69100.00, 0.57
69150.00, 0.57
69200.00, 0.57
69250.00, 0.57
69300.00, 0.57
69350.00, 0.57
69400.00, 0.57
69450.00, 0.57
69500.00, 0.57
69550.00, 0.57
69600.00, 0.57
69650.00, 0.57
69700.00, 0.57
69750.00, 0.57
69800.00, 0.57
69850.00, 0.57
69900.00, 0.57
69950.00, 0.57
70000.00, 0.57
70050.00, 0.57
70100.00, 0.57
70150.00, 0.57
70200.00, 0.57
70250.00, 0.57
70300.00, 0.57
70350.00, 0.57
70400.00, 0.57
70450.00, 0.57
70500.00, 0.57
70550.00, 0.57
70600.00, 0.57
70650.00, 0.57
70700.00, 0.57
70750.00, 0.57
70800.00, 0.57
70850.00, 0.57
70900.00, 0.57
70950.00, 0.57
71000.00, 0.57
71050.00, 0.57
71100.00, 0.57
71150.00, 0.57
71200.00, 0.57
71250.00, 0.57
71300.00, 0.57
71350.00, 0.57
71400.00, 0.57
71450.00, 0.58
71500.00, 0.58
71550.00, 0.58
71600.00, 0.58
71650.00, 0.58
71700.00, 0.58
71750.00, 0.58
71800.00, 0.58
71850.00, 0.58
71900.00, 0.58
71950.00, 0.58
72000.00, 0.58
72050.00, 0.58
72100.00, 0.58
72150.00, 0.58
72200.00, 0.58
72250.00, 0.58
72300.00, 0.58
72350.00, 0.58
72400.00, 0.58
72450.00, 0.58
72500.00, 0.58
72550.00, 0.58
72600.00, 0.58
72650.00, 0.58
72700.00, 0.58
72750.00, 0.58
72800.00, 0.58
72850.00, 0.58
72900.00, 0.58
72950.00, 0.58
73000.00, 0.58
73050.00, 0.58
73100.00, 0.58
73150.00, 0.58
73200.00, 0.58
73250.00, 0.58
73300.00, 0.58
73350.00, 0.58
73400.00, 0.58
73450.00, 0.58
73500.00, 0.58
73550.00, 0.58
73600.00, 0.58
73650.00, 0.58
73700.00, 0.58
73750.00, 0.58
73800.00, 0.58
73850.00, 0.58
73900.00, 0.58
73950.00, 0.58
74000.00, 0.58
74050.00, 0.58
74100.00, 0.58
74150.00, 0.58
74200.00, 0.58
74250.00, 0.58
74300.00, 0.58
74350.00, 0.58
74400.00, 0.58
74450.00, 0.58
74500.00, 0.58
74550.00, 0.58
74600.00, 0.58
74650.00, 0.58
74700.00, 0.58
74750.00, 0.58
74800.00, 0.58
74850.00, 0.58
74900.00, 0.58
74950.00, 0.58
75000.00, 0.58
75050.00, 0.58
75100.00, 0.58
75150.00, 0.58
75200.00, 0.58
75250.00, 0.58
75300.00, 0.58
75350.00, 0.58
75400.00, 0.58
75450.00, 0.58
75500.00, 0.58
75550.00, 0.58
75600.00, 0.58
75650.00, 0.58
75700.00, 0.58
75750.00, 0.59
75800.00, 0.59
75850.00, 0.59
75900.00, 0.59
75950.00, 0.59
76000.00, 0.59
76050.00, 0.59
76100.00, 0.59
76150.00, 0.59
76200.00, 0.59
76250.00, 0.59
76300.00, 0.59
76350.00, 0.59
76400.00, 0.59
76450.00, 0.59
76500.00, 0.59
76550.00, 0.59
76600.00, 0.59
76650.00, 0.59
76700.00, 0.59
76750.00, 0.59
76800.00, 0.59
76850.00, 0.59
76900.00, 0.59
76950.00, 0.59
77000.00, 0.59
77050.00, 0.59
77100.00, 0.59
77150.00, 0.59
77200.00, 0.59
77250.00, 0.59
77300.00, 0.59
77350.00, 0.59
77400.00, 0.59
77450.00, 0.59
77500.00, 0.59
77550.00, 0.59
77600.00, 0.59
77650.00, 0.59
77700.00, 0.59
77750.00, 0.59
77800.00, 0.59
77850.00, 0.59
77900.00, 0.59
77950.00, 0.59
78000.00, 0.59
78050.00, 0.59
78100.00, 0.59
78150.00, 0.59
78200.00, 0.59
78250.00, 0.59
78300.00, 0.59
78350.00, 0.59
78400.00, 0.59
78450.00, 0.59
78500.00, 0.59
78550.00, 0.59
78600.00, 0.59
78650.00, 0.59
78700.00, 0.59
78750.00, 0.59
78800.00, 0.59
78850.00, 0.59
78900.00, 0.59
78950.00, 0.59
79000.00, 0.59
79050.00, 0.59
79100.00, 0.59
79150.00, 0.59
79200.00, 0.59
79250.00, 0.59
79300.00, 0.59
79350.00, 0.59
79400.00, 0.59
79450.00, 0.59
79500.00, 0.59
79550.00, 0.59
79600.00, 0.59
79650.00, 0.59
79700.00, 0.59
79750.00, 0.59
79800.00, 0.59
79850.00, 0.59
79900.00, 0.59
79950.00, 0.59
80000.00, 0.59
80050.00, 0.59
80100.00, 0.59
80150.00, 0.59
80200.00, 0.59
80250.00, 0.59
80300.00, 0.59
80350.00, 0.59
80400.00, 0.59
80450.00, 0.59
80500.00, 0.59
80550.00, 0.59
80600.00, 0.59
80650.00, 0.60
80700.00, 0.60
80750.00, 0.60
80800.00, 0.60
80850.00, 0.60
80900.00, 0.60
80950.00, 0.60
81000.00, 0.60
81050.00, 0.60
81100.00, 0.60
81150.00, 0.60
81200.00, 0.60
81250.00, 0.60
81300.00, 0.60
81350.00, 0.60
81400.00, 0.60
81450.00, 0.60
81500.00, 0.60
81550.00, 0.60
81600.00, 0.60
81650.00, 0.60
81700.00, 0.60
81750.00, 0.60
81800.00, 0.60
81850.00, 0.60
81900.00, 0.60
81950.00, 0.60
82000.00, 0.60
82050.00, 0.60
82100.00, 0.60
82150.00, 0.60
82200.00, 0.60
82250.00, 0.60
82300.00, 0.60
82350.00, 0.60
82400.00, 0.60
82450.00, 0.60
82500.00, 0.60
82550.00, 0.60
82600.00, 0.60
82650.00, 0.60
82700.00, 0.60
82750.00, 0.60
82800.00, 0.60
82850.00, 0.60
82900.00, 0.60
82950.00, 0.60
83000.00, 0.60
83050.00, 0.60
83100.00, 0.60
83150.00, 0.60
83200.00, 0.60
83250.00, 0.60
83300.00, 0.60
83350.00, 0.60
83400.00, 0.60
83450.00, 0.60
83500.00, 0.60
83550.00, 0.60
83600.00, 0.60
83650.00, 0.60
83700.00, 0.60
83750.00, 0.60
83800.00, 0.60
83850.00, 0.60
83900.00, 0.60
83950.00, 0.60
84000.00, 0.60
84050.00, 0.60
84100.00, 0.60
84150.00, 0.60
84200.00, 0.60
84250.00, 0.60
84300.00, 0.60
84350.00, 0.60
84400.00, 0.60
84450.00, 0.60
84500.00, 0.60
84550.00, 0.60
84600.00, 0.60
84650.00, 0.60
84700.00, 0.60
84750.00, 0.60
84800.00, 0.60
84850.00, 0.60
84900.00, 0.60
84950.00, 0.60
85000.00, 0.60
85050.00, 0.60
85100.00, 0.60
85150.00, 0.60
85200.00, 0.60
85250.00, 0.60
85300.00, 0.60
85350.00, 0.60
85400.00, 0.60
85450.00, 0.60
85500.00, 0.60
85550.00, 0.60
85600.00, 0.60
85650.00, 0.60
85700.00, 0.60
85750.00, 0.60
85800.00, 0.60
85850.00, 0.60
85900.00, 0.60
85950.00, 0.60
86000.00, 0.60
86050.00, 0.60
86100.00, 0.60
86150.00, 0.60
86200.00, 0.61
86250.00, 0.61
86300.00, 0.61
86350.00, 0.61
86400.00, 0.61
86450.00, 0.61
86500.00, 0.61
86550.00, 0.61
86600.00, 0.61
86650.00, 0.61
86700.00, 0.61
86750.00, 0.61
86800.00, 0.61
86850.00, 0.61
86900.00, 0.61
86950.00, 0.61
87000.00, 0.61
87050.00, 0.61
87100.00, 0.61
87150.00, 0.61
87200.00, 0.61
87250.00, 0.61
87300.00, 0.61
87350.00, 0.61
87400.00, 0.61
87450.00, 0.61
87500.00, 0.61
87550.00, 0.61
87600.00, 0.61
87650.00, 0.61
87700.00, 0.61
87750.00, 0.61
87800.00, 0.61
87850.00, 0.61
87900.00, 0.61
87950.00, 0.61
88000.00, 0.61
88050.00, 0.61
88100.00, 0.61
88150.00, 0.61
88200.00, 0.61
88250.00, 0.61
88300.00, 0.61
88350.00, 0.61
88400.00, 0.61
88450.00, 0.61
88500.00, 0.61
88550.00, 0.61
88600.00, 0.61
88650.00, 0.61
88700.00, 0.61
88750.00, 0.61
88800.00, 0.61
88850.00, 0.61
88900.00, 0.61
88950.00, 0.61
89000.00, 0.61
89050.00, 0.61
89100.00, 0.61
89150.00, 0.61
89200.00, 0.61
89250.00, 0.61
89300.00, 0.61
89350.00, 0.61
89400.00, 0.61
89450.00, 0.61
89500.00, 0.61
89550.00, 0.61
89600.00, 0.61
89650.00, 0.61
89700.00, 0.61
89750.00, 0.61
89800.00, 0.61
89850.00, 0.61
89900.00, 0.61
89950.00, 0.61
90000.00, 0.61
90050.00, 0.61
90100.00, 0.61
90150.00, 0.61
90200.00, 0.61
90250.00, 0.61
90300.00, 0.61
90350.00, 0.61
90400.00, 0.61
90450.00, 0.61
90500.00, 0.61
90550.00, 0.61
90600.00, 0.61
90650.00, 0.61
90700.00, 0.61
90750.00, 0.61
90800.00, 0.61
90850.00, 0.61
90900.00, 0.61
90950.00, 0.61
91000.00, 0.61
91050.00, 0.61
91100.00, 0.61
91150.00, 0.61
91200.00, 0.61
91250.00, 0.61
91300.00, 0.61
91350.00, 0.61
91400.00, 0.61
91450.00, 0.61
91500.00, 0.61
91550.00, 0.61
91600.00, 0.61
91650.00, 0.61
91700.00, 0.61
91750.00, 0.61
91800.00, 0.61
91850.00, 0.61
91900.00, 0.61
91950.00, 0.61
92000.00, 0.61
92050.00, 0.61
92100.00, 0.61
92150.00, 0.61
92200.00, 0.61
92250.00, 0.61
92300.00, 0.61
92350.00, 0.61
92400.00, 0.61
92450.00, 0.61
92500.00, 0.61
92550.00, 0.61
92600.00, 0.62
92650.00, 0.62
92700.00, 0.62
92750.00, 0.62
92800.00, 0.62
92850.00, 0.62
92900.00, 0.62
92950.00, 0.62
93000.00, 0.62
93050.00, 0.62
93100.00, 0.62
93150.00, 0.62
93200.00, 0.62
93250.00, 0.62
93300.00, 0.62
93350.00, 0.62
93400.00, 0.62
93450.00, 0.62
93500.00, 0.62
93550.00, 0.62
93600.00, 0.62
93650.00, 0.62
93700.00, 0.62
93750.00, 0.62
93800.00, 0.62
93850.00, 0.62
93900.00, 0.62
93950.00, 0.62
94000.00, 0.62
94050.00, 0.62
94100.00, 0.62
94150.00, 0.62
94200.00, 0.62
94250.00, 0.62
94300.00, 0.62
94350.00, 0.62
94400.00, 0.62
94450.00, 0.62
94500.00, 0.62
94550.00, 0.62
94600.00, 0.62
94650.00, 0.62
94700.00, 0.62
94750.00, 0.62
94800.00, 0.62
94850.00, 0.62
94900.00, 0.62
94950.00, 0.62
95000.00, 0.62
95050.00, 0.62
95100.00, 0.62
95150.00, 0.62
95200.00, 0.62
95250.00, 0.62
95300.00, 0.62
95350.00, 0.62
95400.00, 0.62
95450.00, 0.62
95500.00, 0.62
95550.00, 0.62
95600.00, 0.62
95650.00, 0.62
95700.00, 0.62
95750.00, 0.62
95800.00, 0.62
95850.00, 0.62
95900.00, 0.62
95950.00, 0.62
96000.00, 0.62
96050.00, 0.62
96100.00, 0.62
96150.00, 0.62
96200.00, 0.62
96250.00, 0.62
96300.00, 0.62
96350.00, 0.62
96400.00, 0.62
96450.00, 0.62
96500.00, 0.62
96550.00, 0.62
96600.00, 0.62
96650.00, 0.62
96700.00, 0.62
96750.00, 0.62
96800.00, 0.62
96850.00, 0.62
96900.00, 0.62
96950.00, 0.62
97000.00, 0.62
97050.00, 0.62
97100.00, 0.62
97150.00, 0.62
97200.00, 0.62
97250.00, 0.62
97300.00, 0.62
97350.00, 0.62
97400.00, 0.62
97450.00, 0.62
97500.00, 0.62
97550.00, 0.62
97600.00, 0.62
97650.00, 0.62
97700.00, 0.62
97750.00, 0.62
97800.00, 0.62
97850.00, 0.62
97900.00, 0.62
97950.00, 0.62
98000.00, 0.62
98050.00, 0.62
98100.00, 0.62
98150.00, 0.62
98200.00, 0.62
98250.00, 0.62
98300.00, 0.62
98350.00, 0.62
98400.00, 0.62
98450.00, 0.62
98500.00, 0.62
98550.00, 0.62
98600.00, 0.62
98650.00, 0.62
98700.00, 0.62
98750.00, 0.62
98800.00, 0.62
98850.00, 0.62
98900.00, 0.62
98950.00, 0.62
99000.00, 0.62
99050.00, 0.62
99100.00, 0.62
99150.00, 0.62
99200.00, 0.62
99250.00, 0.62
99300.00, 0.62
99350.00, 0.62
99400.00, 0.62
99450.00, 0.62
99500.00, 0.62
99550.00, 0.62
99600.00, 0.62
99650.00, 0.62
99700.00, 0.62
99750.00, 0.62
99800.00, 0.62
99850.00, 0.62
99900.00, 0.62
99950.00, 0.62
100000.00, 0.63
100050.00, 0.63
100100.00, 0.63
100150.00, 0.63
100200.00, 0.63
100250.00, 0.63
100300.00, 0.63
100350.00, 0.63
100400.00, 0.63
100450.00, 0.63
100500.00, 0.63
100550.00, 0.63
100600.00, 0.63
100650.00, 0.63
100700.00, 0.63
100750.00, 0.63
100800.00, 0.63
100850.00, 0.63
100900.00, 0.63
100950.00, 0.63
101000.00, 0.63
101050.00, 0.63
101100.00, 0.63
101150.00, 0.63
101200.00, 0.63
101250.00, 0.63
101300.00, 0.63
101350.00, 0.63
101400.00, 0.63
101450.00, 0.63
101500.00, 0.63
101550.00, 0.63
101600.00, 0.63
101650.00, 0.63
101700.00, 0.63
101750.00, 0.63
101800.00, 0.63
101850.00, 0.63
101900.00, 0.63
101950.00, 0.63
102000.00, 0.63
102050.00, 0.63
102100.00, 0.63
102150.00, 0.63
102200.00, 0.63
102250.00, 0.63
102300.00, 0.63
102350.00, 0.63
102400.00, 0.63
102450.00, 0.63
102500.00, 0.63
102550.00, 0.63
102600.00, 0.63
102650.00, 0.63
102700.00, 0.63
102750.00, 0.63
102800.00, 0.63
102850.00, 0.63
102900.00, 0.63
102950.00, 0.63
103000.00, 0.63
103050.00, 0.63
103100.00, 0.63
103150.00, 0.63
103200.00, 0.63
103250.00, 0.63
103300.00, 0.63
103350.00, 0.63
103400.00, 0.63
103450.00, 0.63
103500.00, 0.63
103550.00, 0.63
103600.00, 0.63
103650.00, 0.63
103700.00, 0.63
103750.00, 0.63
103800.00, 0.63
103850.00, 0.63
103900.00, 0.63
103950.00, 0.63
104000.00, 0.63
104050.00, 0.63
104100.00, 0.63
104150.00, 0.63
104200.00, 0.63
104250.00, 0.63
104300.00, 0.63
104350.00, 0.63
104400.00, 0.63
104450.00, 0.63
104500.00, 0.63
104550.00, 0.63
104600.00, 0.63
104650.00, 0.63
104700.00, 0.63
104750.00, 0.63
104800.00, 0.63
104850.00, 0.63
104900.00, 0.63
104950.00, 0.63
105000.00, 0.63
105050.00, 0.63
105100.00, 0.63
105150.00, 0.63
105200.00, 0.63
105250.00, 0.63
105300.00, 0.63
105350.00, 0.63
105400.00, 0.63
105450.00, 0.63
105500.00, 0.63
105550.00, 0.63
105600.00, 0.63
105650.00, 0.63
105700.00, 0.63
105750.00, 0.63
105800.00, 0.63
105850.00, 0.63
105900.00, 0.63
105950.00, 0.63
106000.00, 0.63
106050.00, 0.63
106100.00, 0.63
106150.00, 0.63
106200.00, 0.63
106250.00, 0.63
106300.00, 0.63
106350.00, 0.63
106400.00, 0.63
106450.00, 0.63
106500.00, 0.63
106550.00, 0.63
106600.00, 0.63
106650.00, 0.63
106700.00, 0.63
106750.00, 0.63
106800.00, 0.63
106850.00, 0.63
106900.00, 0.63
106950.00, 0.63
107000.00, 0.63
107050.00, 0.63
107100.00, 0.63
107150.00, 0.63
107200.00, 0.63
107250.00, 0.63
107300.00, 0.63
107350.00, 0.63
107400.00, 0.63
107450.00, 0.63
107500.00, 0.63
107550.00, 0.63
107600.00, 0.63
107650.00, 0.63
107700.00, 0.63
107750.00, 0.63
107800.00, 0.63
107850.00, 0.63
107900.00, 0.63
107950.00, 0.63
108000.00, 0.63
108050.00, 0.63
108100.00, 0.63
108150.00, 0.63
108200.00, 0.63
108250.00, 0.63
108300.00, 0.63
108350.00, 0.63
108400.00, 0.63
108450.00, 0.63
108500.00, 0.63
108550.00, 0.63
108600.00, 0.63
108650.00, 0.63
108700.00, 0.64
108750.00, 0.64
108800.00, 0.64
108850.00, 0.64
108900.00, 0.64
108950.00, 0.64
109000.00, 0.64
109050.00, 0.64
109100.00, 0.64
109150.00, 0.64
109200.00, 0.64
109250.00, 0.64
109300.00, 0.64
109350.00, 0.64
109400.00, 0.64
109450.00, 0.64
109500.00, 0.64
109550.00, 0.64
109600.00, 0.64
109650.00, 0.64
109700.00, 0.64
109750.00, 0.64
109800.00, 0.64
109850.00, 0.64
109900.00, 0.64
109950.00, 0.64
110000.00, 0.64
110050.00, 0.64
110100.00, 0.64
110150.00, 0.64
110200.00, 0.64
110250.00, 0.64
110300.00, 0.64
110350.00, 0.64
110400.00, 0.64
110450.00, 0.64
110500.00, 0.64
110550.00, 0.64
110600.00, 0.64
110650.00, 0.64
110700.00, 0.64
110750.00, 0.64
110800.00, 0.64
110850.00, 0.64
110900.00, 0.64
110950.00, 0.64
111000.00, 0.64
111050.00, 0.64
111100.00, 0.64
111150.00, 0.64
111200.00, 0.64
111250.00, 0.64
111300.00, 0.64
111350.00, 0.64
111400.00, 0.64
111450.00, 0.64
111500.00, 0.64
111550.00, 0.64
111600.00, 0.64
111650.00, 0.64
111700.00, 0.64
111750.00, 0.64
111800.00, 0.64
111850.00, 0.64
111900.00, 0.64
111950.00, 0.64
112000.00, 0.64
112050.00, 0.64
112100.00, 0.64
112150.00, 0.64
112200.00, 0.64
112250.00, 0.64
112300.00, 0.64
112350.00, 0.64
112400.00, 0.64
112450.00, 0.64
112500.00, 0.64
112550.00, 0.64
112600.00, 0.64
112650.00, 0.64
112700.00, 0.64
112750.00, 0.64
112800.00, 0.64
112850.00, 0.64
112900.00, 0.64
112950.00, 0.64
113000.00, 0.64
113050.00, 0.64
113100.00, 0.64
113150.00, 0.64
113200.00, 0.64
113250.00, 0.64
113300.00, 0.64
113350.00, 0.64
113400.00, 0.64
113450.00, 0.64
113500.00, 0.64
113550.00, 0.64
113600.00, 0.64
113650.00, 0.64
113700.00, 0.64
113750.00, 0.64
113800.00, 0.64
113850.00, 0.64
113900.00, 0.64
113950.00, 0.64
114000.00, 0.64
114050.00, 0.64
114100.00, 0.64
114150.00, 0.64
114200.00, 0.64
114250.00, 0.64
114300.00, 0.64
114350.00, 0.64
114400.00, 0.64
114450.00, 0.64
114500.00, 0.64
114550.00, 0.64
114600.00, 0.64
114650.00, 0.64
114700.00, 0.64
114750.00, 0.64
114800.00, 0.64
114850.00, 0.64
114900.00, 0.64
114950.00, 0.64
115000.00, 0.64
115050.00, 0.64
115100.00, 0.64
115150.00, 0.64
115200.00, 0.64
115250.00, 0.64
115300.00, 0.64
115350.00, 0.64
115400.00, 0.64
115450.00, 0.64
115500.00, 0.64
115550.00, 0.64
115600.00, 0.64
115650.00, 0.64
115700.00, 0.64
115750.00, 0.64
115800.00, 0.64
115850.00, 0.64
115900.00, 0.64
115950.00, 0.64
116000.00, 0.64
116050.00, 0.64
116100.00, 0.64
116150.00, 0.64
116200.00, 0.64
116250.00, 0.64
116300.00, 0.64
116350.00, 0.64
116400.00, 0.64
116450.00, 0.64
116500.00, 0.64
116550.00, 0.64
116600.00, 0.64
116650.00, 0.64
116700.00, 0.64
116750.00, 0.64
116800.00, 0.64
116850.00, 0.64
116900.00, 0.64
116950.00, 0.64
117000.00, 0.64
117050.00, 0.64
117100.00, 0.64
117150.00, 0.64
117200.00, 0.64
117250.00, 0.64
117300.00, 0.64
117350.00, 0.64
117400.00, 0.64
117450.00, 0.64
117500.00, 0.64
117550.00, 0.64
117600.00, 0.64
117650.00, 0.64
117700.00, 0.64
117750.00, 0.64
117800.00, 0.64
117850.00, 0.64
117900.00, 0.64
117950.00, 0.64
118000.00, 0.64
118050.00, 0.64
118100.00, 0.64
118150.00, 0.64
118200.00, 0.64
118250.00, 0.64
118300.00, 0.64
118350.00, 0.64
118400.00, 0.64
118450.00, 0.64
118500.00, 0.64
118550.00, 0.64
118600.00, 0.64
118650.00, 0.64
118700.00, 0.64
118750.00, 0.64
118800.00, 0.64
118850.00, 0.64
118900.00, 0.64
118950.00, 0.64
119000.00, 0.64
119050.00, 0.65
119100.00, 0.65
119150.00, 0.65
119200.00, 0.65
119250.00, 0.65
119300.00, 0.65
119350.00, 0.65
119400.00, 0.65
119450.00, 0.65
119500.00, 0.65
119550.00, 0.65
119600.00, 0.65
119650.00, 0.65
119700.00, 0.65
119750.00, 0.65
119800.00, 0.65
119850.00, 0.65
119900.00, 0.65
119950.00, 0.65
120000.00, 0.65
120050.00, 0.65
120100.00, 0.65
120150.00, 0.65
120200.00, 0.65
120250.00, 0.65
120300.00, 0.65
120350.00, 0.65
120400.00, 0.65
120450.00, 0.65
120500.00, 0.65
120550.00, 0.65
120600.00, 0.65
120650.00, 0.65
120700.00, 0.65
120750.00, 0.65
120800.00, 0.65
120850.00, 0.65
120900.00, 0.65
120950.00, 0.65
121000.00, 0.65
121050.00, 0.65
121100.00, 0.65
121150.00, 0.65
121200.00, 0.65
121250.00, 0.65
121300.00, 0.65
121350.00, 0.65
121400.00, 0.65
121450.00, 0.65
121500.00, 0.65
121550.00, 0.65
121600.00, 0.65
121650.00, 0.65
121700.00, 0.65
121750.00, 0.65
121800.00, 0.65
121850.00, 0.65
121900.00, 0.65
121950.00, 0.65
122000.00, 0.65
122050.00, 0.65
122100.00, 0.65
122150.00, 0.65
122200.00, 0.65
122250.00, 0.65
122300.00, 0.65
122350.00, 0.65
122400.00, 0.65
122450.00, 0.65
122500.00, 0.65
122550.00, 0.65
122600.00, 0.65
122650.00, 0.65
122700.00, 0.65
122750.00, 0.65
122800.00, 0.65
122850.00, 0.65
122900.00, 0.65
122950.00, 0.65
123000.00, 0.65
123050.00, 0.65
123100.00, 0.65
123150.00, 0.65
123200.00, 0.65
123250.00, 0.65
123300.00, 0.65
123350.00, 0.65
123400.00, 0.65
123450.00, 0.65
123500.00, 0.65
123550.00, 0.65
123600.00, 0.65
123650.00, 0.65
123700.00, 0.65
123750.00, 0.65
123800.00, 0.65
123850.00, 0.65
123900.00, 0.65
123950.00, 0.65
124000.00, 0.65
124050.00, 0.65
124100.00, 0.65
124150.00, 0.65
124200.00, 0.65
124250.00, 0.65
124300.00, 0.65
124350.00, 0.65
124400.00, 0.65
124450.00, 0.65
124500.00, 0.65
124550.00, 0.65
124600.00, 0.65
124650.00, 0.65
124700.00, 0.65
124750.00, 0.65
124800.00, 0.65
124850.00, 0.65
124900.00, 0.65
124950.00, 0.65
125000.00, 0.65
125050.00, 0.65
125100.00, 0.65
125150.00, 0.65
125200.00, 0.65
125250.00, 0.65
125300.00, 0.65
125350.00, 0.65
125400.00, 0.65
125450.00, 0.65
125500.00, 0.65
125550.00, 0.65
125600.00, 0.65
125650.00, 0.65
125700.00, 0.65
125750.00, 0.65
125800.00, 0.65
125850.00, 0.65
125900.00, 0.65
125950.00, 0.65
126000.00, 0.65
126050.00, 0.65
126100.00, 0.65
126150.00, 0.65
126200.00, 0.65
126250.00, 0.65
126300.00, 0.65
126350.00, 0.65
126400.00, 0.65
126450.00, 0.65
126500.00, 0.65
126550.00, 0.65
126600.00, 0.65
126650.00, 0.65
126700.00, 0.65
126750.00, 0.65
126800.00, 0.65
126850.00, 0.65
126900.00, 0.65
126950.00, 0.65
127000.00, 0.65
127050.00, 0.65
127100.00, 0.65
127150.00, 0.65
127200.00, 0.65
127250.00, 0.65
127300.00, 0.65
127350.00, 0.65
127400.00, 0.65
127450.00, 0.65
127500.00, 0.65
127550.00, 0.65
127600.00, 0.65
127650.00, 0.65
127700.00, 0.65
127750.00, 0.65
127800.00, 0.65
127850.00, 0.65
127900.00, 0.65
127950.00, 0.65
128000.00, 0.65
128050.00, 0.65
128100.00, 0.65
128150.00, 0.65
128200.00, 0.65
128250.00, 0.65
128300.00, 0.65
128350.00, 0.65
128400.00, 0.65
128450.00, 0.65
128500.00, 0.65
128550.00, 0.65
128600.00, 0.65
128650.00, 0.65
128700.00, 0.65
128750.00, 0.65
128800.00, 0.65
128850.00, 0.65
128900.00, 0.65
128950.00, 0.65
129000.00, 0.65
129050.00, 0.65
129100.00, 0.65
129150.00, 0.65
129200.00, 0.65
129250.00, 0.65
129300.00, 0.65
129350.00, 0.65
129400.00, 0.65
129450.00, 0.65
129500.00, 0.65
129550.00, 0.65
129600.00, 0.65
129650.00, 0.65
129700.00, 0.65
129750.00, 0.65
129800.00, 0.65
129850.00, 0.65
129900.00, 0.65
129950.00, 0.65
130000.00, 0.65
130050.00, 0.65
130100.00, 0.65
130150.00, 0.65
130200.00, 0.65
130250.00, 0.65
130300.00, 0.65
130350.00, 0.65
130400.00, 0.65
130450.00, 0.65
130500.00, 0.65
130550.00, 0.65
130600.00, 0.65
130650.00, 0.65
130700.00, 0.65
130750.00, 0.65
130800.00, 0.65
130850.00, 0.65
130900.00, 0.65
130950.00, 0.65
131000.00, 0.65
131050.00, 0.65
131100.00, 0.65
131150.00, 0.65
131200.00, 0.65
131250.00, 0.65
131300.00, 0.65
131350.00, 0.65
131400.00, 0.65
131450.00, 0.65
131500.00, 0.65
131550.00, 0.66
131600.00, 0.66
131650.00, 0.66
131700.00, 0.66
131750.00, 0.66
131800.00, 0.66
131850.00, 0.66
131900.00, 0.66
131950.00, 0.66
132000.00, 0.66
132050.00, 0.66
132100.00, 0.66
132150.00, 0.66
132200.00, 0.66
132250.00, 0.66
132300.00, 0.66
132350.00, 0.66
132400.00, 0.66
132450.00, 0.66
132500.00, 0.66
132550.00, 0.66
132600.00, 0.66
132650.00, 0.66
132700.00, 0.66
132750.00, 0.66
132800.00, 0.66
132850.00, 0.66
132900.00, 0.66
132950.00, 0.66
133000.00, 0.66
133050.00, 0.66
133100.00, 0.66
133150.00, 0.66
133200.00, 0.66
133250.00, 0.66
133300.00, 0.66
133350.00, 0.66
133400.00, 0.66
133450.00, 0.66
133500.00, 0.66
133550.00, 0.66
133600.00, 0.66
133650.00, 0.66
133700.00, 0.66
133750.00, 0.66
133800.00, 0.66
133850.00, 0.66
133900.00, 0.66
133950.00, 0.66
134000.00, 0.66
134050.00, 0.66
134100.00, 0.66
134150.00, 0.66
134200.00, 0.66
134250.00, 0.66
134300.00, 0.66
134350.00, 0.66
134400.00, 0.66
134450.00, 0.66
134500.00, 0.66
134550.00, 0.66
134600.00, 0.66
134650.00, 0.66
134700.00, 0.66
134750.00, 0.66
134800.00, 0.66
134850.00, 0.66
134900.00, 0.66
134950.00, 0.66
135000.00, 0.66
135050.00, 0.66
135100.00, 0.66
135150.00, 0.66
135200.00, 0.66
135250.00, 0.66
135300.00, 0.66
135350.00, 0.66
135400.00, 0.66
135450.00, 0.66
135500.00, 0.66
135550.00, 0.66
135600.00, 0.66
135650.00, 0.66
135700.00, 0.66
135750.00, 0.66
135800.00, 0.66
135850.00, 0.66
135900.00, 0.66
135950.00, 0.66
136000.00, 0.66
136050.00, 0.66
136100.00, 0.66
136150.00, 0.66
136200.00, 0.66
136250.00, 0.66
136300.00, 0.66
136350.00, 0.66
136400.00, 0.66
136450.00, 0.66
136500.00, 0.66
136550.00, 0.66
136600.00, 0.66
136650.00, 0.66
136700.00, 0.66
136750.00, 0.66
136800.00, 0.66
136850.00, 0.66
136900.00, 0.66
136950.00, 0.66
137000.00, 0.66
137050.00, 0.66
137100.00, 0.66
137150.00, 0.66
137200.00, 0.66
137250.00, 0.66
137300.00, 0.66
137350.00, 0.66
137400.00, 0.66
137450.00, 0.66
137500.00, 0.66
137550.00, 0.66
137600.00, 0.66
137650.00, 0.66
137700.00, 0.66
137750.00, 0.66
137800.00, 0.66
137850.00, 0.66
137900.00, 0.66
137950.00, 0.66
138000.00, 0.66
138050.00, 0.66
138100.00, 0.66
138150.00, 0.66
138200.00, 0.66
138250.00, 0.66
138300.00, 0.66
138350.00, 0.66
138400.00, 0.66
138450.00, 0.66
138500.00, 0.66
138550.00, 0.66
138600.00, 0.66
138650.00, 0.66
138700.00, 0.66
138750.00, 0.66
138800.00, 0.66
138850.00, 0.66
138900.00, 0.66
138950.00, 0.66
139000.00, 0.66
139050.00, 0.66
139100.00, 0.66
139150.00, 0.66
139200.00, 0.66
139250.00, 0.66
139300.00, 0.66
139350.00, 0.66
139400.00, 0.66
139450.00, 0.66
139500.00, 0.66
139550.00, 0.66
139600.00, 0.66
139650.00, 0.66
139700.00, 0.66
139750.00, 0.66
139800.00, 0.66
139850.00, 0.66
139900.00, 0.66
139950.00, 0.66
140000.00, 0.66
140050.00, 0.66
140100.00, 0.66
140150.00, 0.66
140200.00, 0.66
140250.00, 0.66
140300.00, 0.66
140350.00, 0.66
140400.00, 0.66
140450.00, 0.66
140500.00, 0.66
140550.00, 0.66
140600.00, 0.66
140650.00, 0.66
140700.00, 0.66
140750.00, 0.66
140800.00, 0.66
140850.00, 0.66
140900.00, 0.66
140950.00, 0.66
141000.00, 0.66
141050.00, 0.66
141100.00, 0.66
141150.00, 0.66
141200.00, 0.66
141250.00, 0.66
141300.00, 0.66
141350.00, 0.66
141400.00, 0.66
141450.00, 0.66
141500.00, 0.66
141550.00, 0.66
141600.00, 0.66
141650.00, 0.66
141700.00, 0.66
141750.00, 0.66
141800.00, 0.66
141850.00, 0.66
141900.00, 0.66
141950.00, 0.66
142000.00, 0.66
142050.00, 0.66
142100.00, 0.66
142150.00, 0.66
142200.00, 0.66
142250.00, 0.66
142300.00, 0.66
142350.00, 0.66
142400.00, 0.66
142450.00, 0.66
142500.00, 0.66
142550.00, 0.66
142600.00, 0.66
142650.00, 0.66
142700.00, 0.66
142750.00, 0.66
142800.00, 0.66
142850.00, 0.66
142900.00, 0.66
142950.00, 0.66
143000.00, 0.66
143050.00, 0.66
143100.00, 0.66
143150.00, 0.66
143200.00, 0.66
143250.00, 0.66
143300.00, 0.66
143350.00, 0.66
143400.00, 0.66
143450.00, 0.66
143500.00, 0.66
143550.00, 0.66
143600.00, 0.66
143650.00, 0.66
143700.00, 0.66
143750.00, 0.66
143800.00, 0.66
143850.00, 0.66
143900.00, 0.66
143950.00, 0.66
144000.00, 0.66
144050.00, 0.66
144100.00, 0.66
144150.00, 0.66
144200.00, 0.66
144250.00, 0.66
144300.00, 0.66
144350.00, 0.66
144400.00, 0.66
144450.00, 0.66
144500.00, 0.66
144550.00, 0.66
144600.00, 0.66
144650.00, 0.66
144700.00, 0.66
144750.00, 0.66
144800.00, 0.66
144850.00, 0.66
144900.00, 0.66
144950.00, 0.66
145000.00, 0.66
145050.00, 0.66
145100.00, 0.66
145150.00, 0.66
145200.00, 0.66
145250.00, 0.66
145300.00, 0.66
145350.00, 0.66
145400.00, 0.66
145450.00, 0.66
145500.00, 0.66
145550.00, 0.66
145600.00, 0.66
145650.00, 0.66
145700.00, 0.66
145750.00, 0.66
145800.00, 0.66
145850.00, 0.66
145900.00, 0.66
145950.00, 0.66
146000.00, 0.66
146050.00, 0.66
146100.00, 0.66
146150.00, 0.66
146200.00, 0.66
146250.00, 0.66
146300.00, 0.66
146350.00, 0.66
146400.00, 0.66
146450.00, 0.66
146500.00, 0.66
146550.00, 0.66
146600.00, 0.66
146650.00, 0.66
146700.00, 0.66
146750.00, 0.66
146800.00, 0.66
146850.00, 0.66
146900.00, 0.66
146950.00, 0.66
147000.00, 0.67
147050.00, 0.67
147100.00, 0.67
147150.00, 0.67
147200.00, 0.67
147250.00, 0.67
147300.00, 0.67
147350.00, 0.67
147400.00, 0.67
147450.00, 0.67
147500.00, 0.67
147550.00, 0.67
147600.00, 0.67
147650.00, 0.67
147700.00, 0.67
147750.00, 0.67
147800.00, 0.67
147850.00, 0.67
147900.00, 0.67
147950.00, 0.67
148000.00, 0.67
148050.00, 0.67
148100.00, 0.67
148150.00, 0.67
148200.00, 0.67
148250.00, 0.67
148300.00, 0.67
148350.00, 0.67
148400.00, 0.67
148450.00, 0.67
148500.00, 0.67
148550.00, 0.67
148600.00, 0.67
148650.00, 0.67
148700.00, 0.67
148750.00, 0.67
148800.00, 0.67
148850.00, 0.67
148900.00, 0.67
148950.00, 0.67
149000.00, 0.67
149050.00, 0.67
149100.00, 0.67
149150.00, 0.67
149200.00, 0.67
149250.00, 0.67
149300.00, 0.67
149350.00, 0.67
149400.00, 0.67
149450.00, 0.67
149500.00, 0.67
149550.00, 0.67
149600.00, 0.67
149650.00, 0.67
149700.00, 0.67
149750.00, 0.67
149800.00, 0.67
149850.00, 0.67
149900.00, 0.67
149950.00, 0.67
