1000.00, 0.00
1050.00, 11.00
1100.00, 22.00
1150.00, 33.00
1200.00, 44.00
1250.00, 55.00
1300.00, 66.00
1350.00, 77.00
1400.00, 88.00
1450.00, 99.00
1500.00, 110.00
1550.00, 121.00
1600.00, 132.00
1650.00, 143.00
1700.00, 154.00
1750.00, 165.00
1800.00, 176.00
1850.00, 187.00
1900.00, 198.00
1950.00, 209.00
2000.00, 220.00
2050.00, 231.00
2100.00, 242.00
2150.00, 253.00
2200.00, 264.00
2250.00, 275.00
2300.00, 286.00
2350.00, 297.00
2400.00, 308.00
2450.00, 319.00
2500.00, 330.00
2550.00, 341.00
2600.00, 352.00
2650.00, 363.00
2700.00, 374.00
2750.00, 385.00
2800.00, 396.00
2850.00, 407.00
2900.00, 418.00
2950.00, 429.00
3000.00, 440.00
3050.00, 451.00
3100.00, 462.00
3150.00, 473.00
3200.00, 484.00
3250.00, 495.00
3300.00, 506.00
3350.00, 517.00
3400.00, 528.00
3450.00, 539.00
3500.00, 550.00
3550.00, 561.00
3600.00, 572.00
3650.00, 583.00
3700.00, 594.00
3750.00, 605.00
3800.00, 616.00
3850.00, 627.00
3900.00, 638.00
3950.00, 649.00
4000.00, 660.00
4050.00, 671.00
4100.00, 682.00
4150.00, 693.00
4200.00, 704.00
4250.00, 715.00
4300.00, 726.00
4350.00, 737.00
4400.00, 748.00
4450.00, 759.00
4500.00, 770.00
4550.00, 781.00
4600.00, 792.00
4650.00, 803.00
4700.00, 814.00
4750.00, 825.00
4800.00, 836.00
4850.00, 847.00
4900.00, 858.00
4950.00, 869.00
5000.00, 880.00
5050.00, 896.50
5100.00, 913.00
5150.00, 929.50
5200.00, 946.00
5250.00, 962.50
5300.00, 979.00
5350.00, 995.50
5400.00, 1012.00
5450.00, 1028.50
5500.00, 1045.00
5550.00, 1061.50
5600.00, 1078.00
5650.00, 1094.50
5700.00, 1111.00
5750.00, 1127.50
5800.00, 1144.00
5850.00, 1160.50
5900.00, 1177.00
5950.00, 1193.50
6000.00, 1210.00
6050.00, 1226.50
6100.00, 1243.00
6150.00, 1259.50
6200.00, 1276.00
6250.00, 1292.50
6300.00, 1309.00
6350.00, 1325.50
6400.00, 1342.00
6450.00, 1358.50
6500.00, 1375.00
6550.00, 1391.50
6600.00, 1408.00
6650.00, 1424.50
6700.00, 1441.00
6750.00, 1457.50
6800.00, 1474.00
6850.00, 1490.50
6900.00, 1507.00
6950.00, 1523.50
7000.00, 1540.00
7050.00, 1556.50
7100.00, 1573.00
7150.00, 1589.50
7200.00, 1606.00
7250.00, 1622.50
7300.00, 1639.00
7350.00, 1655.50
7400.00, 1672.00
7450.00, 1688.50
7500.00, 1705.00
7550.00, 1721.50
7600.00, 1738.00
7650.00, 1754.50
7700.00, 1771.00
7750.00, 1787.50
7800.00, 1804.00
7850.00, 1820.50
7900.00, 1837.00
7950.00, 1853.50
8000.00, 1870.00
8050.00, 1886.50
8100.00, 1903.00
8150.00, 1919.50
8200.00, 1936.00
8250.00, 1952.50
8300.00, 1969.00
8350.00, 1985.50
8400.00, 2002.00
8450.00, 2018.50
8500.00, 2035.00
8550.00, 2051.50
8600.00, 2068.00
8650.00, 2084.50
8700.00, 2101.00
8750.00, 2117.50
8800.00, 2134.00
8850.00, 2150.50
8900.00, 2167.00
8950.00, 2183.50
9000.00, 2200.00
9050.00, 2216.50
9100.00, 2233.00
9150.00, 2249.50
9200.00, 2266.00
9250.00, 2282.50
9300.00, 2299.00
9350.00, 2315.50
9400.00, 2332.00
9450.00, 2348.50
9500.00, 2365.00
9550.00, 2381.50
9600.00, 2398.00
9650.00, 2414.50
9700.00, 2431.00
9750.00, 2447.50
9800.00, 2464.00
9850.00, 2480.50
9900.00, 2497.00
9950.00, 2513.50
10000.00, 2530.00
10050.00, 2552.00
10100.00, 2574.00
10150.00, 2596.00
10200.00, 2618.00
10250.00, 2640.00
10300.00, 2662.00
10350.00, 2684.00
10400.00, 2706.00
10450.00, 2728.00
10500.00, 2750.00
10550.00, 2772.00
10600.00, 2794.00
10650.00, 2816.00
10700.00, 2838.00
10750.00, 2860.00
10800.00, 2882.00
10850.00, 2904.00
10900.00, 2926.00
10950.00, 2948.00
11000.00, 2970.00
11050.00, 2992.00
11100.00, 3014.00
11150.00, 3036.00
11200.00, 3058.00
11250.00, 3080.00
11300.00, 3102.00
11350.00, 3124.00
11400.00, 3146.00
11450.00, 3168.00
11500.00, 3190.00
11550.00, 3212.00
11600.00, 3234.00
11650.00, 3256.00
11700.00, 3278.00
11750.00, 3300.00
11800.00, 3322.00
11850.00, 3344.00
11900.00, 3366.00
11950.00, 3388.00
12000.00, 3410.00
12050.00, 3432.00
12100.00, 3454.00
12150.00, 3476.00
12200.00, 3498.00
12250.00, 3520.00
12300.00, 3542.00
12350.00, 3564.00
12400.00, 3586.00
12450.00, 3608.00
12500.00, 3630.00
12550.00, 3652.00
12600.00, 3674.00
12650.00, 3696.00
12700.00, 3718.00
12750.00, 3740.00
12800.00, 3762.00
12850.00, 3784.00
12900.00, 3806.00
12950.00, 3828.00
13000.00, 3850.00
13050.00, 3872.00
13100.00, 3894.00
13150.00, 3916.00
13200.00, 3938.00
13250.00, 3960.00
13300.00, 3982.00
13350.00, 4004.00
13400.00, 4026.00
13450.00, 4048.00
13500.00, 4070.00
13550.00, 4092.00
13600.00, 4114.00
13650.00, 4136.00
13700.00, 4158.00
13750.00, 4180.00
13800.00, 4202.00
13850.00, 4224.00
13900.00, 4246.00
13950.00, 4268.00
14000.00, 4290.00
14050.00, 4312.00
14100.00, 4334.00
14150.00, 4356.00
14200.00, 4378.00
14250.00, 4400.00
14300.00, 4422.00
14350.00, 4444.00
14400.00, 4466.00
14450.00, 4488.00
14500.00, 4510.00
14550.00, 4532.00
14600.00, 4554.00
14650.00, 4576.00
14700.00, 4598.00
14750.00, 4620.00
14800.00, 4642.00
14850.00, 4664.00
14900.00, 4686.00
14950.00, 4708.00
15000.00, 4730.00
15050.00, 4752.00
15100.00, 4774.00
15150.00, 4796.00
15200.00, 4818.00
15250.00, 4840.00
15300.00, 4862.00
15350.00, 4884.00
15400.00, 4906.00
15450.00, 4928.00
15500.00, 4950.00
15550.00, 4972.00
15600.00, 4994.00
15650.00, 5016.00
15700.00, 5038.00
15750.00, 5060.00
15800.00, 5082.00
15850.00, 5104.00
15900.00, 5126.00
15950.00, 5148.00
16000.00, 5170.00
16050.00, 5192.00
16100.00, 5214.00
16150.00, 5236.00
16200.00, 5258.00
16250.00, 5280.00
16300.00, 5302.00
16350.00, 5324.00
16400.00, 5346.00
16450.00, 5368.00
16500.00, 5390.00
16550.00, 5412.00
16600.00, 5434.00
16650.00, 5456.00
16700.00, 5478.00
16750.00, 5500.00
16800.00, 5522.00
16850.00, 5544.00
16900.00, 5566.00
16950.00, 5588.00
17000.00, 5610.00
17050.00, 5632.00
17100.00, 5654.00
17150.00, 5676.00
17200.00, 5698.00
17250.00, 5720.00
17300.00, 5742.00
17350.00, 5764.00
17400.00, 5786.00
17450.00, 5808.00
17500.00, 5830.00
17550.00, 5852.00
17600.00, 5874.00
17650.00, 5896.00
17700.00, 5918.00
17750.00, 5940.00
17800.00, 5962.00
17850.00, 5984.00
17900.00, 6006.00
17950.00, 6028.00
18000.00, 6050.00
18050.00, 6072.00
18100.00, 6094.00
18150.00, 6116.00
18200.00, 6138.00
18250.00, 6160.00
18300.00, 6182.00
18350.00, 6204.00
18400.00, 6226.00
18450.00, 6248.00
18500.00, 6270.00
18550.00, 6292.00
18600.00, 6314.00
18650.00, 6336.00
18700.00, 6358.00
18750.00, 6380.00
18800.00, 6402.00
18850.00, 6424.00
18900.00, 6446.00
18950.00, 6468.00
19000.00, 6490.00
19050.00, 6512.00
19100.00, 6534.00
19150.00, 6556.00
19200.00, 6578.00
19250.00, 6600.00
19300.00, 6622.00
19350.00, 6644.00
19400.00, 6666.00
19450.00, 6688.00
19500.00, 6710.00
19550.00, 6732.00
19600.00, 6754.00
19650.00, 6776.00
19700.00, 6798.00
19750.00, 6820.00
19800.00, 6842.00
19850.00, 6864.00
19900.00, 6886.00
19950.00, 6908.00
20000.00, 6930.00
20050.00, 6952.00
20100.00, 6974.00
20150.00, 6996.00
20200.00, 7018.00
20250.00, 7040.00
20300.00, 7062.00
20350.00, 7084.00
20400.00, 7106.00
20450.00, 7128.00
20500.00, 7150.00
20550.00, 7172.00
20600.00, 7194.00
20650.00, 7216.00
20700.00, 7238.00
20750.00, 7260.00
20800.00, 7282.00
20850.00, 7305.83
20900.00, 7333.33
20950.00, 7360.83
21000.00, 7388.33
21050.00, 7415.83
21100.00, 7443.33
21150.00, 7470.83
21200.00, 7498.33
21250.00, 7525.83
21300.00, 7553.33
21350.00, 7580.83
21400.00, 7608.33
21450.00, 7635.83
21500.00, 7663.33
21550.00, 7690.83
21600.00, 7718.33
21650.00, 7745.83
21700.00, 7773.33
21750.00, 7800.83
21800.00, 7828.33
21850.00, 7855.83
21900.00, 7883.33
21950.00, 7910.83
22000.00, 7938.33
22050.00, 7965.83
22100.00, 7993.33
22150.00, 8020.83
22200.00, 8048.33
22250.00, 8075.83
22300.00, 8103.33
22350.00, 8130.83
22400.00, 8158.33
22450.00, 8185.83
22500.00, 8213.33
22550.00, 8240.83
22600.00, 8268.33
22650.00, 8295.83
22700.00, 8323.33
22750.00, 8350.83
22800.00, 8378.33
22850.00, 8405.83
22900.00, 8433.33
22950.00, 8460.83
23000.00, 8488.33
23050.00, 8515.83
23100.00, 8543.33
23150.00, 8570.83
23200.00, 8598.33
23250.00, 8625.83
23300.00, 8653.33
23350.00, 8680.83
23400.00, 8708.33
23450.00, 8735.83
23500.00, 8763.33
23550.00, 8790.83
23600.00, 8818.33
23650.00, 8845.83
23700.00, 8873.33
23750.00, 8900.83
23800.00, 8928.33
23850.00, 8955.83
23900.00, 8983.33
23950.00, 9010.83
24000.00, 9038.33
24050.00, 9065.83
24100.00, 9093.33
24150.00, 9120.83
24200.00, 9148.33
24250.00, 9175.83
24300.00, 9203.33
24350.00, 9230.83
24400.00, 9258.33
24450.00, 9285.83
24500.00, 9313.33
24550.00, 9340.83
24600.00, 9368.33
24650.00, 9395.83
24700.00, 9423.33
24750.00, 9450.83
24800.00, 9478.33
24850.00, 9505.83
24900.00, 9533.33
24950.00, 9560.83
25000.00, 9588.33
25050.00, 9615.83
25100.00, 9643.33
25150.00, 9670.83
25200.00, 9698.33
25250.00, 9725.83
25300.00, 9753.33
25350.00, 9780.83
25400.00, 9808.33
25450.00, 9835.83
25500.00, 9863.33
25550.00, 9890.83
25600.00, 9918.33
25650.00, 9945.83
25700.00, 9973.33
25750.00, 10000.83
25800.00, 10028.33
25850.00, 10055.83
25900.00, 10083.33
25950.00, 10110.83
26000.00, 10138.33
26050.00, 10165.83
26100.00, 10193.33
26150.00, 10220.83
26200.00, 10248.33
26250.00, 10275.83
26300.00, 10303.33
26350.00, 10330.83
26400.00, 10358.33
26450.00, 10385.83
26500.00, 10413.33
26550.00, 10440.83
26600.00, 10468.33
26650.00, 10495.83
26700.00, 10523.33
26750.00, 10550.83
26800.00, 10578.33
26850.00, 10605.83
26900.00, 10633.33
26950.00, 10660.83
27000.00, 10688.33
27050.00, 10715.83
27100.00, 10743.33
27150.00, 10770.83
27200.00, 10798.33
27250.00, 10825.83
27300.00, 10853.33
27350.00, 10880.83
27400.00, 10908.33
27450.00, 10935.83
27500.00, 10963.33
27550.00, 10990.83
27600.00, 11018.33
27650.00, 11045.83
27700.00, 11073.33
27750.00, 11100.83
27800.00, 11128.33
27850.00, 11155.83
27900.00, 11183.33
27950.00, 11210.83
28000.00, 11238.33
28050.00, 11265.83
28100.00, 11293.33
28150.00, 11320.83
28200.00, 11348.33
28250.00, 11375.83
28300.00, 11403.33
28350.00, 11430.83
28400.00, 11458.33
28450.00, 11485.83
28500.00, 11513.33
28550.00, 11540.83
28600.00, 11568.33
28650.00, 11595.83
28700.00, 11623.33
28750.00, 11650.83
28800.00, 11678.33
28850.00, 11705.83
28900.00, 11733.33
28950.00, 11760.83
29000.00, 11788.33
29050.00, 11815.83
29100.00, 11843.33
29150.00, 11870.83
29200.00, 11898.33
29250.00, 11925.83
29300.00, 11953.33
29350.00, 11980.83
29400.00, 12008.33
29450.00, 12035.83
29500.00, 12063.33
29550.00, 12090.83
29600.00, 12118.33
29650.00, 12145.83
29700.00, 12173.33
29750.00, 12200.83
29800.00, 12228.33
29850.00, 12255.83
29900.00, 12283.33
29950.00, 12310.83
30000.00, 12338.33
30050.00, 12365.83
30100.00, 12393.33
30150.00, 12420.83
30200.00, 12448.33
30250.00, 12475.83
30300.00, 12503.33
30350.00, 12530.83
30400.00, 12558.33
30450.00, 12585.83
30500.00, 12613.33
30550.00, 12640.83
30600.00, 12668.33
30650.00, 12695.83
30700.00, 12723.33
30750.00, 12750.83
30800.00, 12778.33
30850.00, 12805.83
30900.00, 12833.33
30950.00, 12860.83
31000.00, 12888.33
31050.00, 12915.83
31100.00, 12943.33
31150.00, 12970.83
31200.00, 12998.33
31250.00, 13025.83
31300.00, 13053.33
31350.00, 13080.83
31400.00, 13108.33
31450.00, 13135.83
31500.00, 13163.33
31550.00, 13190.83
31600.00, 13218.33
31650.00, 13245.83
31700.00, 13273.33
31750.00, 13300.83
31800.00, 13328.33
31850.00, 13355.83
31900.00, 13383.33
31950.00, 13410.83
32000.00, 13438.33
32050.00, 13465.83
32100.00, 13493.33
32150.00, 13520.83
32200.00, 13548.33
32250.00, 13575.83
32300.00, 13603.33
32350.00, 13630.83
32400.00, 13658.33
32450.00, 13685.83
32500.00, 13713.33
32550.00, 13740.83
32600.00, 13768.33
32650.00, 13795.83
32700.00, 13823.33
32750.00, 13850.83
32800.00, 13878.33
32850.00, 13905.83
32900.00, 13933.33
32950.00, 13960.83
33000.00, 13988.33
33050.00, 14015.83
33100.00, 14043.33
33150.00, 14070.83
33200.00, 14098.33
33250.00, 14125.83
33300.00, 14153.33
33350.00, 14180.83
33400.00, 14208.33
33450.00, 14235.83
33500.00, 14263.33
33550.00, 14290.83
33600.00, 14318.33
33650.00, 14345.83
33700.00, 14373.33
33750.00, 14400.83
33800.00, 14428.33
33850.00, 14455.83
33900.00, 14483.33
33950.00, 14510.83
34000.00, 14538.33
34050.00, 14565.83
34100.00, 14593.33
34150.00, 14620.83
34200.00, 14648.33
34250.00, 14675.83
34300.00, 14703.33
34350.00, 14730.83
34400.00, 14758.33
34450.00, 14785.83
34500.00, 14813.33
34550.00, 14840.83
34600.00, 14868.33
34650.00, 14895.83
34700.00, 14923.33
34750.00, 14950.83
34800.00, 14978.33
34850.00, 15005.83
34900.00, 15033.33
34950.00, 15060.83
35000.00, 15088.33
35050.00, 15115.83
35100.00, 15143.33
35150.00, 15170.83
35200.00, 15198.33
35250.00, 15225.83
35300.00, 15253.33
35350.00, 15280.83
35400.00, 15308.33
35450.00, 15335.83
35500.00, 15363.33
35550.00, 15390.83
35600.00, 15418.33
35650.00, 15445.83
35700.00, 15473.33
35750.00, 15500.83
35800.00, 15528.33
35850.00, 15555.83
35900.00, 15583.33
35950.00, 15610.83
36000.00, 15638.33
36050.00, 15665.83
36100.00, 15693.33
36150.00, 15720.83
36200.00, 15748.33
36250.00, 15775.83
36300.00, 15803.33
36350.00, 15830.83
36400.00, 15858.33
36450.00, 15885.83
36500.00, 15913.33
36550.00, 15940.83
36600.00, 15968.33
36650.00, 15995.83
36700.00, 16023.33
36750.00, 16050.83
36800.00, 16078.33
36850.00, 16105.83
36900.00, 16133.33
36950.00, 16160.83
37000.00, 16188.33
37050.00, 16215.83
37100.00, 16243.33
37150.00, 16270.83
37200.00, 16298.33
37250.00, 16325.83
37300.00, 16353.33
37350.00, 16380.83
37400.00, 16408.33
37450.00, 16435.83
37500.00, 16463.33
37550.00, 16490.83
37600.00, 16518.33
37650.00, 16545.83
37700.00, 16573.33
37750.00, 16600.83
37800.00, 16628.33
37850.00, 16655.83
37900.00, 16683.33
37950.00, 16710.83
38000.00, 16738.33
38050.00, 16765.83
38100.00, 16793.33
38150.00, 16820.83
38200.00, 16848.33
38250.00, 16875.83
38300.00, 16903.33
38350.00, 16930.83
38400.00, 16958.33
38450.00, 16985.83
38500.00, 17013.33
38550.00, 17040.83
38600.00, 17068.33
38650.00, 17095.83
38700.00, 17123.33
38750.00, 17150.83
38800.00, 17178.33
38850.00, 17205.83
38900.00, 17233.33
38950.00, 17260.83
39000.00, 17288.33
39050.00, 17315.83
39100.00, 17343.33
39150.00, 17370.83
39200.00, 17398.33
39250.00, 17425.83
39300.00, 17453.33
39350.00, 17480.83
39400.00, 17508.33
39450.00, 17535.83
39500.00, 17563.33
39550.00, 17590.83
39600.00, 17618.33
39650.00, 17645.83
39700.00, 17673.33
39750.00, 17700.83
39800.00, 17728.33
39850.00, 17755.83
39900.00, 17783.33
39950.00, 17810.83
40000.00, 17838.33
40050.00, 17865.83
40100.00, 17893.33
40150.00, 17920.83
40200.00, 17948.33
40250.00, 17975.83
40300.00, 18003.33
40350.00, 18030.83
40400.00, 18058.33
40450.00, 18085.83
40500.00, 18113.33
40550.00, 18140.83
40600.00, 18168.33
40650.00, 18195.83
40700.00, 18223.33
40750.00, 18250.83
40800.00, 18278.33
40850.00, 18305.83
40900.00, 18333.33
40950.00, 18360.83
41000.00, 18388.33
41050.00, 18415.83
41100.00, 18443.33
41150.00, 18470.83
41200.00, 18498.33
41250.00, 18525.83
41300.00, 18553.33
41350.00, 18580.83
41400.00, 18608.33
41450.00, 18635.83
41500.00, 18663.33
41550.00, 18690.83
41600.00, 18718.33
41650.00, 18745.83
41700.00, 18780.00
41750.00, 18817.50
41800.00, 18855.00
41850.00, 18892.50
41900.00, 18930.00
41950.00, 18967.50
42000.00, 19005.00
42050.00, 19042.50
42100.00, 19080.00
42150.00, 19117.50
42200.00, 19155.00
42250.00, 19192.50
42300.00, 19230.00
42350.00, 19267.50
42400.00, 19305.00
42450.00, 19342.50
42500.00, 19380.00
42550.00, 19417.50
42600.00, 19455.00
42650.00, 19492.50
42700.00, 19530.00
42750.00, 19567.50
42800.00, 19605.00
42850.00, 19642.50
42900.00, 19680.00
42950.00, 19717.50
43000.00, 19755.00
43050.00, 19792.50
43100.00, 19830.00
43150.00, 19867.50
43200.00, 19905.00
43250.00, 19942.50
43300.00, 19980.00
43350.00, 20017.50
43400.00, 20055.00
43450.00, 20092.50
43500.00, 20130.00
43550.00, 20167.50
43600.00, 20205.00
43650.00, 20242.50
43700.00, 20280.00
43750.00, 20317.50
43800.00, 20355.00
43850.00, 20392.50
43900.00, 20430.00
43950.00, 20467.50
44000.00, 20505.00
44050.00, 20542.50
44100.00, 20580.00
44150.00, 20617.50
44200.00, 20655.00
44250.00, 20692.50
44300.00, 20730.00
44350.00, 20767.50
44400.00, 20805.00
44450.00, 20842.50
44500.00, 20880.00
44550.00, 20917.50
44600.00, 20955.00
44650.00, 20992.50
44700.00, 21030.00
44750.00, 21067.50
44800.00, 21105.00
44850.00, 21142.50
44900.00, 21180.00
44950.00, 21217.50
45000.00, 21255.00
45050.00, 21292.50
45100.00, 21330.00
45150.00, 21367.50
45200.00, 21405.00
45250.00, 21442.50
45300.00, 21480.00
45350.00, 21517.50
45400.00, 21555.00
45450.00, 21592.50
45500.00, 21630.00
45550.00, 21667.50
45600.00, 21705.00
45650.00, 21742.50
45700.00, 21780.00
45750.00, 21817.50
45800.00, 21855.00
45850.00, 21892.50
45900.00, 21930.00
45950.00, 21967.50
46000.00, 22005.00
46050.00, 22042.50
46100.00, 22080.00
46150.00, 22117.50
46200.00, 22155.00
46250.00, 22192.50
46300.00, 22230.00
46350.00, 22267.50
46400.00, 22305.00
46450.00, 22342.50
46500.00, 22380.00
46550.00, 22417.50
46600.00, 22455.00
46650.00, 22492.50
46700.00, 22530.00
46750.00, 22567.50
46800.00, 22605.00
46850.00, 22642.50
46900.00, 22680.00
46950.00, 22717.50
47000.00, 22755.00
47050.00, 22792.50
47100.00, 22830.00
47150.00, 22867.50
47200.00, 22905.00
47250.00, 22942.50
47300.00, 22980.00
47350.00, 23017.50
47400.00, 23055.00
47450.00, 23092.50
47500.00, 23130.00
47550.00, 23167.50
47600.00, 23205.00
47650.00, 23242.50
47700.00, 23280.00
47750.00, 23317.50
47800.00, 23355.00
47850.00, 23392.50
47900.00, 23430.00
47950.00, 23467.50
48000.00, 23505.00
48050.00, 23542.50
48100.00, 23580.00
48150.00, 23617.50
48200.00, 23655.00
48250.00, 23692.50
48300.00, 23730.00
48350.00, 23767.50
48400.00, 23805.00
48450.00, 23842.50
48500.00, 23880.00
48550.00, 23917.50
48600.00, 23955.00
48650.00, 23992.50
48700.00, 24030.00
48750.00, 24067.50
48800.00, 24105.00
48850.00, 24142.50
48900.00, 24180.00
48950.00, 24217.50
49000.00, 24255.00
49050.00, 24292.50
49100.00, 24330.00
49150.00, 24367.50
49200.00, 24405.00
49250.00, 24442.50
49300.00, 24480.00
49350.00, 24517.50
49400.00, 24555.00
49450.00, 24592.50
49500.00, 24630.00
49550.00, 24667.50
49600.00, 24705.00
49650.00, 24742.50
49700.00, 24780.00
49750.00, 24817.50
49800.00, 24855.00
49850.00, 24892.50
49900.00, 24930.00
49950.00, 24967.50
50000.00, 25005.00
50050.00, 25042.50
50100.00, 25080.00
50150.00, 25117.50
50200.00, 25155.00
50250.00, 25192.50
50300.00, 25230.00
50350.00, 25267.50
50400.00, 25305.00
50450.00, 25342.50
50500.00, 25380.00
50550.00, 25417.50
50600.00, 25455.00
50650.00, 25492.50
50700.00, 25530.00
50750.00, 25567.50
50800.00, 25605.00
50850.00, 25642.50
50900.00, 25680.00
50950.00, 25717.50
51000.00, 25755.00
51050.00, 25792.50
51100.00, 25830.00
51150.00, 25867.50
51200.00, 25905.00
51250.00, 25942.50
51300.00, 25980.00
51350.00, 26017.50
51400.00, 26055.00
51450.00, 26092.50
51500.00, 26130.00
51550.00, 26167.50
51600.00, 26205.00
51650.00, 26242.50
51700.00, 26280.00
51750.00, 26317.50
51800.00, 26355.00
51850.00, 26392.50
51900.00, 26430.00
51950.00, 26467.50
52000.00, 26505.00
52050.00, 26542.50
52100.00, 26580.00
52150.00, 26617.50
52200.00, 26655.00
52250.00, 26692.50
52300.00, 26730.00
52350.00, 26767.50
52400.00, 26805.00
52450.00, 26842.50
52500.00, 26880.00
52550.00, 26917.50
52600.00, 26955.00
52650.00, 26992.50
52700.00, 27030.00
52750.00, 27067.50
52800.00, 27105.00
52850.00, 27142.50
52900.00, 27180.00
52950.00, 27217.50
53000.00, 27255.00
53050.00, 27292.50
53100.00, 27330.00
53150.00, 27367.50
53200.00, 27405.00
53250.00, 27442.50
53300.00, 27480.00
53350.00, 27517.50
53400.00, 27555.00
53450.00, 27592.50
53500.00, 27630.00
53550.00, 27667.50
53600.00, 27705.00
53650.00, 27742.50
53700.00, 27780.00
53750.00, 27817.50
53800.00, 27855.00
53850.00, 27892.50
53900.00, 27930.00
53950.00, 27967.50
54000.00, 28005.00
54050.00, 28042.50
54100.00, 28080.00
54150.00, 28117.50
54200.00, 28155.00
54250.00, 28192.50
54300.00, 28230.00
54350.00, 28267.50
54400.00, 28305.00
54450.00, 28342.50
54500.00, 28380.00
54550.00, 28417.50
54600.00, 28455.00
54650.00, 28492.50
54700.00, 28530.00
54750.00, 28567.50
54800.00, 28605.00
54850.00, 28642.50
54900.00, 28680.00
54950.00, 28717.50
55000.00, 28755.00
55050.00, 28792.50
55100.00, 28830.00
55150.00, 28867.50
55200.00, 28905.00
55250.00, 28942.50
55300.00, 28980.00
55350.00, 29017.50
55400.00, 29055.00
55450.00, 29092.50
55500.00, 29130.00
55550.00, 29167.50
55600.00, 29205.00
55650.00, 29242.50
55700.00, 29280.00
55750.00, 29317.50
55800.00, 29355.00
55850.00, 29392.50
55900.00, 29430.00
55950.00, 29467.50
56000.00, 29505.00
56050.00, 29542.50
56100.00, 29580.00
56150.00, 29617.50
56200.00, 29655.00
56250.00, 29692.50
56300.00, 29730.00
56350.00, 29767.50
56400.00, 29805.00
56450.00, 29842.50
56500.00, 29880.00
56550.00, 29917.50
56600.00, 29955.00
56650.00, 29992.50
56700.00, 30030.00
56750.00, 30067.50
56800.00, 30105.00
56850.00, 30142.50
56900.00, 30180.00
56950.00, 30217.50
57000.00, 30255.00
57050.00, 30292.50
57100.00, 30330.00
57150.00, 30367.50
57200.00, 30405.00
57250.00, 30442.50
57300.00, 30480.00
57350.00, 30517.50
57400.00, 30555.00
57450.00, 30592.50
57500.00, 30630.00
57550.00, 30667.50
57600.00, 30705.00
57650.00, 30742.50
57700.00, 30780.00
57750.00, 30817.50
57800.00, 30855.00
57850.00, 30892.50
57900.00, 30930.00
57950.00, 30967.50
58000.00, 31005.00
58050.00, 31042.50
58100.00, 31080.00
58150.00, 31117.50
58200.00, 31155.00
58250.00, 31192.50
58300.00, 31230.00
58350.00, 31267.50
58400.00, 31305.00
58450.00, 31342.50
58500.00, 31380.00
58550.00, 31417.50
58600.00, 31455.00
58650.00, 31492.50
58700.00, 31530.00
58750.00, 31567.50
58800.00, 31605.00
58850.00, 31642.50
58900.00, 31680.00
58950.00, 31717.50
59000.00, 31755.00
59050.00, 31792.50
59100.00, 31830.00
59150.00, 31867.50
59200.00, 31905.00
59250.00, 31942.50
59300.00, 31980.00
59350.00, 32017.50
59400.00, 32055.00
59450.00, 32092.50
59500.00, 32130.00
59550.00, 32167.50
59600.00, 32205.00
59650.00, 32242.50
59700.00, 32280.00
59750.00, 32317.50
59800.00, 32355.00
59850.00, 32392.50
59900.00, 32430.00
59950.00, 32467.50
60000.00, 32505.00
60050.00, 32542.50
60100.00, 32580.00
60150.00, 32617.50
60200.00, 32655.00
60250.00, 32692.50
60300.00, 32730.00
60350.00, 32767.50
60400.00, 32805.00
60450.00, 32842.50
60500.00, 32880.00
60550.00, 32917.50
60600.00, 32955.00
60650.00, 32992.50
60700.00, 33030.00
60750.00, 33067.50
60800.00, 33105.00
60850.00, 33142.50
60900.00, 33180.00
60950.00, 33217.50
61000.00, 33255.00
61050.00, 33292.50
61100.00, 33330.00
61150.00, 33367.50
61200.00, 33405.00
61250.00, 33442.50
61300.00, 33480.00
61350.00, 33517.50
61400.00, 33555.00
61450.00, 33592.50
61500.00, 33630.00
61550.00, 33667.50
61600.00, 33705.00
61650.00, 33742.50
61700.00, 33780.00
61750.00, 33817.50
61800.00, 33855.00
61850.00, 33892.50
61900.00, 33930.00
61950.00, 33967.50
62000.00, 34005.00
62050.00, 34042.50
62100.00, 34080.00
62150.00, 34117.50
62200.00, 34155.00
62250.00, 34192.50
62300.00, 34230.00
62350.00, 34267.50
62400.00, 34305.00
62450.00, 34342.50
62500.00, 34380.00
62550.00, 34417.50
62600.00, 34455.00
62650.00, 34492.50
62700.00, 34530.00
62750.00, 34567.50
62800.00, 34605.00
62850.00, 34642.50
62900.00, 34680.00
62950.00, 34717.50
63000.00, 34755.00
63050.00, 34792.50
63100.00, 34830.00
63150.00, 34867.50
63200.00, 34905.00
63250.00, 34942.50
63300.00, 34980.00
63350.00, 35017.50
63400.00, 35055.00
63450.00, 35092.50
63500.00, 35130.00
63550.00, 35167.50
63600.00, 35205.00
63650.00, 35242.50
63700.00, 35280.00
63750.00, 35317.50
63800.00, 35355.00
63850.00, 35392.50
63900.00, 35430.00
63950.00, 35467.50
64000.00, 35505.00
64050.00, 35542.50
64100.00, 35580.00
64150.00, 35617.50
64200.00, 35655.00
64250.00, 35692.50
64300.00, 35730.00
64350.00, 35767.50
64400.00, 35805.00
64450.00, 35842.50
64500.00, 35880.00
64550.00, 35917.50
64600.00, 35955.00
64650.00, 35992.50
64700.00, 36030.00
64750.00, 36067.50
64800.00, 36105.00
64850.00, 36142.50
64900.00, 36180.00
64950.00, 36217.50
65000.00, 36255.00
65050.00, 36292.50
65100.00, 36330.00
65150.00, 36367.50
65200.00, 36405.00
65250.00, 36442.50
65300.00, 36480.00
65350.00, 36517.50
65400.00, 36555.00
65450.00, 36592.50
65500.00, 36630.00
65550.00, 36667.50
65600.00, 36705.00
65650.00, 36742.50
65700.00, 36780.00
65750.00, 36817.50
65800.00, 36855.00
65850.00, 36892.50
65900.00, 36930.00
65950.00, 36967.50
66000.00, 37005.00
66050.00, 37042.50
66100.00, 37080.00
66150.00, 37117.50
66200.00, 37155.00
66250.00, 37192.50
66300.00, 37230.00
66350.00, 37267.50
66400.00, 37305.00
66450.00, 37342.50
66500.00, 37380.00
66550.00, 37417.50
66600.00, 37455.00
66650.00, 37492.50
66700.00, 37530.00
66750.00, 37567.50
66800.00, 37605.00
66850.00, 37642.50
66900.00, 37680.00
66950.00, 37717.50
67000.00, 37755.00
67050.00, 37792.50
67100.00, 37830.00
67150.00, 37867.50
67200.00, 37905.00
67250.00, 37942.50
67300.00, 37980.00
67350.00, 38017.50
67400.00, 38055.00
67450.00, 38092.50
67500.00, 38130.00
67550.00, 38167.50
67600.00, 38205.00
67650.00, 38242.50
67700.00, 38280.00
67750.00, 38317.50
67800.00, 38355.00
67850.00, 38392.50
67900.00, 38430.00
67950.00, 38467.50
68000.00, 38505.00
68050.00, 38542.50
68100.00, 38580.00
68150.00, 38617.50
68200.00, 38655.00
68250.00, 38692.50
68300.00, 38730.00
68350.00, 38767.50
68400.00, 38805.00
68450.00, 38842.50
68500.00, 38880.00
68550.00, 38917.50
68600.00, 38955.00
68650.00, 38992.50
68700.00, 39030.00
68750.00, 39067.50
68800.00, 39105.00
68850.00, 39142.50
68900.00, 39180.00
68950.00, 39217.50
69000.00, 39255.00
69050.00, 39292.50
69100.00, 39330.00
69150.00, 39367.50
69200.00, 39405.00
69250.00, 39442.50
69300.00, 39480.00
69350.00, 39517.50
69400.00, 39555.00
69450.00, 39592.50
69500.00, 39630.00
69550.00, 39667.50
69600.00, 39705.00
69650.00, 39742.50
69700.00, 39780.00
69750.00, 39817.50
69800.00, 39855.00
69850.00, 39892.50
69900.00, 39930.00
69950.00, 39967.50
70000.00, 40005.00
70050.00, 40042.50
70100.00, 40080.00
70150.00, 40117.50
70200.00, 40155.00
70250.00, 40192.50
70300.00, 40230.00
70350.00, 40267.50
70400.00, 40305.00
70450.00, 40342.50
70500.00, 40380.00
70550.00, 40417.50
70600.00, 40455.00
70650.00, 40492.50
70700.00, 40530.00
70750.00, 40567.50
70800.00, 40605.00
70850.00, 40642.50
70900.00, 40680.00
70950.00, 40717.50
71000.00, 40755.00
71050.00, 40792.50
71100.00, 40830.00
71150.00, 40867.50
71200.00, 40905.00
71250.00, 40942.50
71300.00, 40980.00
71350.00, 41017.50
71400.00, 41055.00
71450.00, 41092.50
71500.00, 41130.00
71550.00, 41167.50
71600.00, 41205.00
71650.00, 41242.50
71700.00, 41280.00
71750.00, 41317.50
71800.00, 41355.00
71850.00, 41392.50
71900.00, 41430.00
71950.00, 41467.50
72000.00, 41505.00
72050.00, 41542.50
72100.00, 41580.00
72150.00, 41617.50
72200.00, 41655.00
72250.00, 41692.50
72300.00, 41730.00
72350.00, 41767.50
72400.00, 41805.00
72450.00, 41842.50
72500.00, 41880.00
72550.00, 41917.50
72600.00, 41955.00
72650.00, 41992.50
72700.00, 42030.00
72750.00, 42067.50
72800.00, 42105.00
72850.00, 42142.50
72900.00, 42180.00
72950.00, 42217.50
73000.00, 42255.00
73050.00, 42292.50
73100.00, 42330.00
73150.00, 42367.50
73200.00, 42405.00
73250.00, 42442.50
73300.00, 42480.00
73350.00, 42517.50
73400.00, 42555.00
73450.00, 42592.50
73500.00, 42630.00
73550.00, 42667.50
73600.00, 42705.00
73650.00, 42742.50
73700.00, 42780.00
73750.00, 42817.50
73800.00, 42855.00
73850.00, 42892.50
73900.00, 42930.00
73950.00, 42967.50
74000.00, 43005.00
74050.00, 43042.50
74100.00, 43080.00
74150.00, 43117.50
74200.00, 43155.00
74250.00, 43192.50
74300.00, 43230.00
74350.00, 43267.50
74400.00, 43305.00
74450.00, 43342.50
74500.00, 43380.00
74550.00, 43417.50
74600.00, 43455.00
74650.00, 43492.50
74700.00, 43530.00
74750.00, 43567.50
74800.00, 43605.00
74850.00, 43642.50
74900.00, 43680.00
74950.00, 43717.50
75000.00, 43755.00
75050.00, 43792.50
75100.00, 43830.00
75150.00, 43867.50
75200.00, 43905.00
75250.00, 43942.50
75300.00, 43980.00
75350.00, 44017.50
75400.00, 44055.00
75450.00, 44092.50
75500.00, 44130.00
75550.00, 44167.50
75600.00, 44205.00
75650.00, 44242.50
75700.00, 44280.00
75750.00, 44317.50
75800.00, 44355.00
75850.00, 44392.50
75900.00, 44430.00
75950.00, 44467.50
76000.00, 44505.00
76050.00, 44542.50
76100.00, 44580.00
76150.00, 44617.50
76200.00, 44655.00
76250.00, 44692.50
76300.00, 44730.00
76350.00, 44767.50
76400.00, 44805.00
76450.00, 44842.50
76500.00, 44880.00
76550.00, 44917.50
76600.00, 44955.00
76650.00, 44992.50
76700.00, 45030.00
76750.00, 45067.50
76800.00, 45105.00
76850.00, 45142.50
76900.00, 45180.00
76950.00, 45217.50
77000.00, 45255.00
77050.00, 45292.50
77100.00, 45330.00
77150.00, 45367.50
77200.00, 45405.00
77250.00, 45442.50
77300.00, 45480.00
77350.00, 45517.50
77400.00, 45555.00
77450.00, 45592.50
77500.00, 45630.00
77550.00, 45667.50
77600.00, 45705.00
77650.00, 45742.50
77700.00, 45780.00
77750.00, 45817.50
77800.00, 45855.00
77850.00, 45892.50
77900.00, 45930.00
77950.00, 45967.50
78000.00, 46005.00
78050.00, 46042.50
78100.00, 46080.00
78150.00, 46117.50
78200.00, 46155.00
78250.00, 46192.50
78300.00, 46230.00
78350.00, 46267.50
78400.00, 46305.00
78450.00, 46342.50
78500.00, 46380.00
78550.00, 46417.50
78600.00, 46455.00
78650.00, 46492.50
78700.00, 46530.00
78750.00, 46567.50
78800.00, 46605.00
78850.00, 46642.50
78900.00, 46680.00
78950.00, 46717.50
79000.00, 46755.00
79050.00, 46792.50
79100.00, 46830.00
79150.00, 46867.50
79200.00, 46905.00
79250.00, 46942.50
79300.00, 46980.00
79350.00, 47017.50
79400.00, 47055.00
79450.00, 47092.50
79500.00, 47130.00
79550.00, 47167.50
79600.00, 47205.00
79650.00, 47242.50
79700.00, 47280.00
79750.00, 47317.50
79800.00, 47355.00
79850.00, 47392.50
79900.00, 47430.00
79950.00, 47467.50
80000.00, 47505.00
80050.00, 47542.50
80100.00, 47580.00
80150.00, 47617.50
80200.00, 47655.00
80250.00, 47692.50
80300.00, 47730.00
80350.00, 47767.50
80400.00, 47805.00
80450.00, 47842.50
80500.00, 47880.00
80550.00, 47917.50
80600.00, 47955.00
80650.00, 47992.50
80700.00, 48030.00
80750.00, 48067.50
80800.00, 48105.00
80850.00, 48142.50
80900.00, 48180.00
80950.00, 48217.50
81000.00, 48255.00
81050.00, 48292.50
81100.00, 48330.00
81150.00, 48367.50
81200.00, 48405.00
81250.00, 48442.50
81300.00, 48480.00
81350.00, 48517.50
81400.00, 48555.00
81450.00, 48592.50
81500.00, 48630.00
81550.00, 48667.50
81600.00, 48705.00
81650.00, 48742.50
81700.00, 48780.00
81750.00, 48817.50
81800.00, 48855.00
81850.00, 48892.50
81900.00, 48930.00
81950.00, 48967.50
82000.00, 49005.00
82050.00, 49042.50
82100.00, 49080.00
82150.00, 49117.50
82200.00, 49155.00
82250.00, 49192.50
82300.00, 49230.00
82350.00, 49267.50
82400.00, 49305.00
82450.00, 49342.50
82500.00, 49380.00
82550.00, 49417.50
82600.00, 49455.00
82650.00, 49492.50
82700.00, 49530.00
82750.00, 49567.50
82800.00, 49605.00
82850.00, 49642.50
82900.00, 49680.00
82950.00, 49717.50
83000.00, 49755.00
83050.00, 49792.50
83100.00, 49830.00
83150.00, 49867.50
83200.00, 49905.00
83250.00, 49942.50
83300.00, 49980.00
83350.00, 50017.50
83400.00, 50055.00
83450.00, 50092.50
83500.00, 50130.00
83550.00, 50167.50
83600.00, 50205.00
83650.00, 50242.50
83700.00, 50280.00
83750.00, 50317.50
83800.00, 50355.00
83850.00, 50392.50
83900.00, 50430.00
83950.00, 50467.50
84000.00, 50505.00
84050.00, 50542.50
84100.00, 50580.00
84150.00, 50617.50
84200.00, 50655.00
84250.00, 50692.50
84300.00, 50730.00
84350.00, 50767.50
84400.00, 50805.00
84450.00, 50842.50
84500.00, 50880.00
84550.00, 50917.50
84600.00, 50955.00
84650.00, 50992.50
84700.00, 51030.00
84750.00, 51067.50
84800.00, 51105.00
84850.00, 51142.50
84900.00, 51180.00
84950.00, 51217.50
85000.00, 51255.00
85050.00, 51292.50
85100.00, 51330.00
85150.00, 51367.50
85200.00, 51405.00
85250.00, 51442.50
85300.00, 51480.00
85350.00, 51517.50
85400.00, 51555.00
85450.00, 51592.50
85500.00, 51630.00
85550.00, 51667.50
85600.00, 51705.00
85650.00, 51742.50
85700.00, 51780.00
85750.00, 51817.50
85800.00, 51855.00
85850.00, 51892.50
85900.00, 51930.00
85950.00, 51967.50
86000.00, 52005.00
86050.00, 52042.50
86100.00, 52080.00
86150.00, 52117.50
86200.00, 52155.00
86250.00, 52192.50
86300.00, 52230.00
86350.00, 52267.50
86400.00, 52305.00
86450.00, 52342.50
86500.00, 52380.00
86550.00, 52417.50
86600.00, 52455.00
86650.00, 52492.50
86700.00, 52530.00
86750.00, 52567.50
86800.00, 52605.00
86850.00, 52642.50
86900.00, 52680.00
86950.00, 52717.50
87000.00, 52755.00
87050.00, 52792.50
87100.00, 52830.00
87150.00, 52867.50
87200.00, 52905.00
87250.00, 52942.50
87300.00, 52980.00
87350.00, 53017.50
87400.00, 53055.00
87450.00, 53092.50
87500.00, 53130.00
87550.00, 53167.50
87600.00, 53205.00
87650.00, 53242.50
87700.00, 53280.00
87750.00, 53317.50
87800.00, 53355.00
87850.00, 53392.50
87900.00, 53430.00
87950.00, 53467.50
88000.00, 53505.00
88050.00, 53542.50
88100.00, 53580.00
88150.00, 53617.50
88200.00, 53655.00
88250.00, 53692.50
88300.00, 53730.00
88350.00, 53767.50
88400.00, 53805.00
88450.00, 53842.50
88500.00, 53880.00
88550.00, 53917.50
88600.00, 53955.00
88650.00, 53992.50
88700.00, 54030.00
88750.00, 54067.50
88800.00, 54105.00
88850.00, 54142.50
88900.00, 54180.00
88950.00, 54217.50
89000.00, 54255.00
89050.00, 54292.50
89100.00, 54330.00
89150.00, 54367.50
89200.00, 54405.00
89250.00, 54442.50
89300.00, 54480.00
89350.00, 54517.50
89400.00, 54555.00
89450.00, 54592.50
89500.00, 54630.00
89550.00, 54667.50
89600.00, 54705.00
89650.00, 54742.50
89700.00, 54780.00
89750.00, 54817.50
89800.00, 54855.00
89850.00, 54892.50
89900.00, 54930.00
89950.00, 54967.50
90000.00, 55005.00
90050.00, 55042.50
90100.00, 55080.00
90150.00, 55117.50
90200.00, 55155.00
90250.00, 55192.50
90300.00, 55230.00
90350.00, 55267.50
90400.00, 55305.00
90450.00, 55342.50
90500.00, 55380.00
90550.00, 55417.50
90600.00, 55455.00
90650.00, 55492.50
90700.00, 55530.00
90750.00, 55567.50
90800.00, 55605.00
90850.00, 55642.50
90900.00, 55680.00
90950.00, 55717.50
91000.00, 55755.00
91050.00, 55792.50
91100.00, 55830.00
91150.00, 55867.50
91200.00, 55905.00
91250.00, 55942.50
91300.00, 55980.00
91350.00, 56017.50
91400.00, 56055.00
91450.00, 56092.50
91500.00, 56130.00
91550.00, 56167.50
91600.00, 56205.00
91650.00, 56242.50
91700.00, 56280.00
91750.00, 56317.50
91800.00, 56355.00
91850.00, 56392.50
91900.00, 56430.00
91950.00, 56467.50
92000.00, 56505.00
92050.00, 56542.50
92100.00, 56580.00
92150.00, 56617.50
92200.00, 56655.00
92250.00, 56692.50
92300.00, 56730.00
92350.00, 56767.50
92400.00, 56805.00
92450.00, 56842.50
92500.00, 56880.00
92550.00, 56917.50
92600.00, 56955.00
92650.00, 56992.50
92700.00, 57030.00
92750.00, 57067.50
92800.00, 57105.00
92850.00, 57142.50
92900.00, 57180.00
92950.00, 57217.50
93000.00, 57255.00
93050.00, 57292.50
93100.00, 57330.00
93150.00, 57367.50
93200.00, 57405.00
93250.00, 57442.50
93300.00, 57480.00
93350.00, 57517.50
93400.00, 57555.00
93450.00, 57592.50
93500.00, 57630.00
93550.00, 57667.50
93600.00, 57705.00
93650.00, 57742.50
93700.00, 57780.00
93750.00, 57817.50
93800.00, 57855.00
93850.00, 57892.50
93900.00, 57930.00
93950.00, 57967.50
94000.00, 58005.00
94050.00, 58042.50
94100.00, 58080.00
94150.00, 58117.50
94200.00, 58155.00
94250.00, 58192.50
94300.00, 58230.00
94350.00, 58267.50
94400.00, 58305.00
94450.00, 58342.50
94500.00, 58380.00
94550.00, 58417.50
94600.00, 58455.00
94650.00, 58492.50
94700.00, 58530.00
94750.00, 58567.50
94800.00, 58605.00
94850.00, 58642.50
94900.00, 58680.00
94950.00, 58717.50
95000.00, 58755.00
95050.00, 58792.50
95100.00, 58830.00
95150.00, 58867.50
95200.00, 58905.00
95250.00, 58942.50
95300.00, 58980.00
95350.00, 59017.50
95400.00, 59055.00
95450.00, 59092.50
95500.00, 59130.00
95550.00, 59167.50
95600.00, 59205.00
95650.00, 59242.50
95700.00, 59280.00
95750.00, 59317.50
95800.00, 59355.00
95850.00, 59392.50
95900.00, 59430.00
95950.00, 59467.50
96000.00, 59505.00
96050.00, 59542.50
96100.00, 59580.00
96150.00, 59617.50
96200.00, 59655.00
96250.00, 59692.50
96300.00, 59730.00
96350.00, 59767.50
96400.00, 59805.00
96450.00, 59842.50
96500.00, 59880.00
96550.00, 59917.50
96600.00, 59955.00
96650.00, 59992.50
96700.00, 60030.00
96750.00, 60067.50
96800.00, 60105.00
96850.00, 60142.50
96900.00, 60180.00
96950.00, 60217.50
97000.00, 60255.00
97050.00, 60292.50
97100.00, 60330.00
97150.00, 60367.50
97200.00, 60405.00
97250.00, 60442.50
97300.00, 60480.00
97350.00, 60517.50
97400.00, 60555.00
97450.00, 60592.50
97500.00, 60630.00
97550.00, 60667.50
97600.00, 60705.00
97650.00, 60742.50
97700.00, 60780.00
97750.00, 60817.50
97800.00, 60855.00
97850.00, 60892.50
97900.00, 60930.00
97950.00, 60967.50
98000.00, 61005.00
98050.00, 61042.50
98100.00, 61080.00
98150.00, 61117.50
98200.00, 61155.00
98250.00, 61192.50
98300.00, 61230.00
98350.00, 61267.50
98400.00, 61305.00
98450.00, 61342.50
98500.00, 61380.00
98550.00, 61417.50
98600.00, 61455.00
98650.00, 61492.50
98700.00, 61530.00
98750.00, 61567.50
98800.00, 61605.00
98850.00, 61642.50
98900.00, 61680.00
98950.00, 61717.50
99000.00, 61755.00
99050.00, 61792.50
99100.00, 61830.00
99150.00, 61867.50
99200.00, 61905.00
99250.00, 61942.50
99300.00, 61980.00
99350.00, 62017.50
99400.00, 62055.00
99450.00, 62092.50
99500.00, 62130.00
99550.00, 62167.50
99600.00, 62205.00
99650.00, 62242.50
99700.00, 62280.00
99750.00, 62317.50
99800.00, 62355.00
99850.00, 62392.50
99900.00, 62430.00
99950.00, 62467.50
100000.00, 62505.00
100050.00, 62542.50
100100.00, 62580.00
100150.00, 62617.50
100200.00, 62655.00
100250.00, 62692.50
100300.00, 62730.00
100350.00, 62767.50
100400.00, 62805.00
100450.00, 62842.50
100500.00, 62880.00
100550.00, 62917.50
100600.00, 62955.00
100650.00, 62992.50
100700.00, 63030.00
100750.00, 63067.50
100800.00, 63105.00
100850.00, 63142.50
100900.00, 63180.00
100950.00, 63217.50
101000.00, 63255.00
101050.00, 63292.50
101100.00, 63330.00
101150.00, 63367.50
101200.00, 63405.00
101250.00, 63442.50
101300.00, 63480.00
101350.00, 63517.50
101400.00, 63555.00
101450.00, 63592.50
101500.00, 63630.00
101550.00, 63667.50
101600.00, 63705.00
101650.00, 63742.50
101700.00, 63780.00
101750.00, 63817.50
101800.00, 63855.00
101850.00, 63892.50
101900.00, 63930.00
101950.00, 63967.50
102000.00, 64005.00
102050.00, 64042.50
102100.00, 64080.00
102150.00, 64117.50
102200.00, 64155.00
102250.00, 64192.50
102300.00, 64230.00
102350.00, 64267.50
102400.00, 64305.00
102450.00, 64342.50
102500.00, 64380.00
102550.00, 64417.50
102600.00, 64455.00
102650.00, 64492.50
102700.00, 64530.00
102750.00, 64567.50
102800.00, 64605.00
102850.00, 64642.50
102900.00, 64680.00
102950.00, 64717.50
103000.00, 64755.00
103050.00, 64792.50
103100.00, 64830.00
103150.00, 64867.50
103200.00, 64905.00
103250.00, 64942.50
103300.00, 64980.00
103350.00, 65017.50
103400.00, 65055.00
103450.00, 65092.50
103500.00, 65130.00
103550.00, 65167.50
103600.00, 65205.00
103650.00, 65242.50
103700.00, 65280.00
103750.00, 65317.50
103800.00, 65355.00
103850.00, 65392.50
103900.00, 65430.00
103950.00, 65467.50
104000.00, 65505.00
104050.00, 65542.50
104100.00, 65580.00
104150.00, 65617.50
104200.00, 65655.00
104250.00, 65692.50
104300.00, 65730.00
104350.00, 65767.50
104400.00, 65805.00
104450.00, 65842.50
104500.00, 65880.00
104550.00, 65917.50
104600.00, 65955.00
104650.00, 65992.50
104700.00, 66030.00
104750.00, 66067.50
104800.00, 66105.00
104850.00, 66142.50
104900.00, 66180.00
104950.00, 66217.50
105000.00, 66255.00
105050.00, 66292.50
105100.00, 66330.00
105150.00, 66367.50
105200.00, 66405.00
105250.00, 66442.50
105300.00, 66480.00
105350.00, 66517.50
105400.00, 66555.00
105450.00, 66592.50
105500.00, 66630.00
105550.00, 66667.50
105600.00, 66705.00
105650.00, 66742.50
105700.00, 66780.00
105750.00, 66817.50
105800.00, 66855.00
105850.00, 66892.50
105900.00, 66930.00
105950.00, 66967.50
106000.00, 67005.00
106050.00, 67042.50
106100.00, 67080.00
106150.00, 67117.50
106200.00, 67155.00
106250.00, 67192.50
106300.00, 67230.00
106350.00, 67267.50
106400.00, 67305.00
106450.00, 67342.50
106500.00, 67380.00
106550.00, 67417.50
106600.00, 67455.00
106650.00, 67492.50
106700.00, 67530.00
106750.00, 67567.50
106800.00, 67605.00
106850.00, 67642.50
106900.00, 67680.00
106950.00, 67717.50
107000.00, 67755.00
107050.00, 67792.50
107100.00, 67830.00
107150.00, 67867.50
107200.00, 67905.00
107250.00, 67942.50
107300.00, 67980.00
107350.00, 68017.50
107400.00, 68055.00
107450.00, 68092.50
107500.00, 68130.00
107550.00, 68167.50
107600.00, 68205.00
107650.00, 68242.50
107700.00, 68280.00
107750.00, 68317.50
107800.00, 68355.00
107850.00, 68392.50
107900.00, 68430.00
107950.00, 68467.50
108000.00, 68505.00
108050.00, 68542.50
108100.00, 68580.00
108150.00, 68617.50
108200.00, 68655.00
108250.00, 68692.50
108300.00, 68730.00
108350.00, 68767.50
108400.00, 68805.00
108450.00, 68842.50
108500.00, 68880.00
108550.00, 68917.50
108600.00, 68955.00
108650.00, 68992.50
108700.00, 69030.00
108750.00, 69067.50
108800.00, 69105.00
108850.00, 69142.50
108900.00, 69180.00
108950.00, 69217.50
109000.00, 69255.00
109050.00, 69292.50
109100.00, 69330.00
109150.00, 69367.50
109200.00, 69405.00
109250.00, 69442.50
109300.00, 69480.00
109350.00, 69517.50
109400.00, 69555.00
109450.00, 69592.50
109500.00, 69630.00
109550.00, 69667.50
109600.00, 69705.00
109650.00, 69742.50
109700.00, 69780.00
109750.00, 69817.50
109800.00, 69855.00
109850.00, 69892.50
109900.00, 69930.00
109950.00, 69967.50
110000.00, 70005.00
110050.00, 70042.50
110100.00, 70080.00
110150.00, 70117.50
110200.00, 70155.00
110250.00, 70192.50
110300.00, 70230.00
110350.00, 70267.50
110400.00, 70305.00
110450.00, 70342.50
110500.00, 70380.00
110550.00, 70417.50
110600.00, 70455.00
110650.00, 70492.50
110700.00, 70530.00
110750.00, 70567.50
110800.00, 70605.00
110850.00, 70642.50
110900.00, 70680.00
110950.00, 70717.50
111000.00, 70755.00
111050.00, 70792.50
111100.00, 70830.00
111150.00, 70867.50
111200.00, 70905.00
111250.00, 70942.50
111300.00, 70980.00
111350.00, 71017.50
111400.00, 71055.00
111450.00, 71092.50
111500.00, 71130.00
111550.00, 71167.50
111600.00, 71205.00
111650.00, 71242.50
111700.00, 71280.00
111750.00, 71317.50
111800.00, 71355.00
111850.00, 71392.50
111900.00, 71430.00
111950.00, 71467.50
112000.00, 71505.00
112050.00, 71542.50
112100.00, 71580.00
112150.00, 71617.50
112200.00, 71655.00
112250.00, 71692.50
112300.00, 71730.00
112350.00, 71767.50
112400.00, 71805.00
112450.00, 71842.50
112500.00, 71880.00
112550.00, 71917.50
112600.00, 71955.00
112650.00, 71992.50
112700.00, 72030.00
112750.00, 72067.50
112800.00, 72105.00
112850.00, 72142.50
112900.00, 72180.00
112950.00, 72217.50
113000.00, 72255.00
113050.00, 72292.50
113100.00, 72330.00
113150.00, 72367.50
113200.00, 72405.00
113250.00, 72442.50
113300.00, 72480.00
113350.00, 72517.50
113400.00, 72555.00
113450.00, 72592.50
113500.00, 72630.00
113550.00, 72667.50
113600.00, 72705.00
113650.00, 72742.50
113700.00, 72780.00
113750.00, 72817.50
113800.00, 72855.00
113850.00, 72892.50
113900.00, 72930.00
113950.00, 72967.50
114000.00, 73005.00
114050.00, 73042.50
114100.00, 73080.00
114150.00, 73117.50
114200.00, 73155.00
114250.00, 73192.50
114300.00, 73230.00
114350.00, 73267.50
114400.00, 73305.00
114450.00, 73342.50
114500.00, 73380.00
114550.00, 73417.50
114600.00, 73455.00
114650.00, 73492.50
114700.00, 73530.00
114750.00, 73567.50
114800.00, 73605.00
114850.00, 73642.50
114900.00, 73680.00
114950.00, 73717.50
115000.00, 73755.00
115050.00, 73792.50
115100.00, 73830.00
115150.00, 73867.50
115200.00, 73905.00
115250.00, 73942.50
115300.00, 73980.00
115350.00, 74017.50
115400.00, 74055.00
115450.00, 74092.50
115500.00, 74130.00
115550.00, 74167.50
115600.00, 74205.00
115650.00, 74242.50
115700.00, 74280.00
115750.00, 74317.50
115800.00, 74355.00
115850.00, 74392.50
115900.00, 74430.00
115950.00, 74467.50
116000.00, 74505.00
116050.00, 74542.50
116100.00, 74580.00
116150.00, 74617.50
116200.00, 74655.00
116250.00, 74692.50
116300.00, 74730.00
116350.00, 74767.50
116400.00, 74805.00
116450.00, 74842.50
116500.00, 74880.00
116550.00, 74917.50
116600.00, 74955.00
116650.00, 74992.50
116700.00, 75030.00
116750.00, 75067.50
116800.00, 75105.00
116850.00, 75142.50
116900.00, 75180.00
116950.00, 75217.50
117000.00, 75255.00
117050.00, 75292.50
117100.00, 75330.00
117150.00, 75367.50
117200.00, 75405.00
117250.00, 75442.50
117300.00, 75480.00
117350.00, 75517.50
117400.00, 75555.00
117450.00, 75592.50
117500.00, 75630.00
117550.00, 75667.50
117600.00, 75705.00
117650.00, 75742.50
117700.00, 75780.00
117750.00, 75817.50
117800.00, 75855.00
117850.00, 75892.50
117900.00, 75930.00
117950.00, 75967.50
118000.00, 76005.00
118050.00, 76042.50
118100.00, 76080.00
118150.00, 76117.50
118200.00, 76155.00
118250.00, 76192.50
118300.00, 76230.00
118350.00, 76267.50
118400.00, 76305.00
118450.00, 76342.50
118500.00, 76380.00
118550.00, 76417.50
118600.00, 76455.00
118650.00, 76492.50
118700.00, 76530.00
118750.00, 76567.50
118800.00, 76605.00
118850.00, 76642.50
118900.00, 76680.00
118950.00, 76717.50
119000.00, 76755.00
119050.00, 76792.50
119100.00, 76830.00
119150.00, 76867.50
119200.00, 76905.00
119250.00, 76942.50
119300.00, 76980.00
119350.00, 77017.50
119400.00, 77055.00
119450.00, 77092.50
119500.00, 77130.00
119550.00, 77167.50
119600.00, 77205.00
119650.00, 77242.50
119700.00, 77280.00
119750.00, 77317.50
119800.00, 77355.00
119850.00, 77392.50
119900.00, 77430.00
119950.00, 77467.50
120000.00, 77505.00
120050.00, 77542.50
120100.00, 77580.00
120150.00, 77617.50
120200.00, 77655.00
120250.00, 77692.50
120300.00, 77730.00
120350.00, 77767.50
120400.00, 77805.00
120450.00, 77842.50
120500.00, 77880.00
120550.00, 77917.50
120600.00, 77955.00
120650.00, 77992.50
120700.00, 78030.00
120750.00, 78067.50
120800.00, 78105.00
120850.00, 78142.50
120900.00, 78180.00
120950.00, 78217.50
121000.00, 78255.00
121050.00, 78292.50
121100.00, 78330.00
121150.00, 78367.50
121200.00, 78405.00
121250.00, 78442.50
121300.00, 78480.00
121350.00, 78517.50
121400.00, 78555.00
121450.00, 78592.50
121500.00, 78630.00
121550.00, 78667.50
121600.00, 78705.00
121650.00, 78742.50
121700.00, 78780.00
121750.00, 78817.50
121800.00, 78855.00
121850.00, 78892.50
121900.00, 78930.00
121950.00, 78967.50
122000.00, 79005.00
122050.00, 79042.50
122100.00, 79080.00
122150.00, 79117.50
122200.00, 79155.00
122250.00, 79192.50
122300.00, 79230.00
122350.00, 79267.50
122400.00, 79305.00
122450.00, 79342.50
122500.00, 79380.00
122550.00, 79417.50
122600.00, 79455.00
122650.00, 79492.50
122700.00, 79530.00
122750.00, 79567.50
122800.00, 79605.00
122850.00, 79642.50
122900.00, 79680.00
122950.00, 79717.50
123000.00, 79755.00
123050.00, 79792.50
123100.00, 79830.00
123150.00, 79867.50
123200.00, 79905.00
123250.00, 79942.50
123300.00, 79980.00
123350.00, 80017.50
123400.00, 80055.00
123450.00, 80092.50
123500.00, 80130.00
123550.00, 80167.50
123600.00, 80205.00
123650.00, 80242.50
123700.00, 80280.00
123750.00, 80317.50
123800.00, 80355.00
123850.00, 80392.50
123900.00, 80430.00
123950.00, 80467.50
124000.00, 80505.00
124050.00, 80542.50
124100.00, 80580.00
124150.00, 80617.50
124200.00, 80655.00
124250.00, 80692.50
124300.00, 80730.00
124350.00, 80767.50
124400.00, 80805.00
124450.00, 80842.50
124500.00, 80880.00
124550.00, 80917.50
124600.00, 80955.00
124650.00, 80992.50
124700.00, 81030.00
124750.00, 81067.50
124800.00, 81105.00
124850.00, 81142.50
124900.00, 81180.00
124950.00, 81217.50
125000.00, 81255.00
125050.00, 81292.50
125100.00, 81330.00
125150.00, 81367.50
125200.00, 81405.00
125250.00, 81442.50
125300.00, 81480.00
125350.00, 81517.50
125400.00, 81555.00
125450.00, 81592.50
125500.00, 81630.00
125550.00, 81667.50
125600.00, 81705.00
125650.00, 81742.50
125700.00, 81780.00
125750.00, 81817.50
125800.00, 81855.00
125850.00, 81892.50
125900.00, 81930.00
125950.00, 81967.50
126000.00, 82005.00
126050.00, 82042.50
126100.00, 82080.00
126150.00, 82117.50
126200.00, 82155.00
126250.00, 82192.50
126300.00, 82230.00
126350.00, 82267.50
126400.00, 82305.00
126450.00, 82342.50
126500.00, 82380.00
126550.00, 82417.50
126600.00, 82455.00
126650.00, 82492.50
126700.00, 82530.00
126750.00, 82567.50
126800.00, 82605.00
126850.00, 82642.50
126900.00, 82680.00
126950.00, 82717.50
127000.00, 82755.00
127050.00, 82792.50
127100.00, 82830.00
127150.00, 82867.50
127200.00, 82905.00
127250.00, 82942.50
127300.00, 82980.00
127350.00, 83017.50
127400.00, 83055.00
127450.00, 83092.50
127500.00, 83130.00
127550.00, 83167.50
127600.00, 83205.00
127650.00, 83242.50
127700.00, 83280.00
127750.00, 83317.50
127800.00, 83355.00
127850.00, 83392.50
127900.00, 83430.00
127950.00, 83467.50
128000.00, 83505.00
128050.00, 83542.50
128100.00, 83580.00
128150.00, 83617.50
128200.00, 83655.00
128250.00, 83692.50
128300.00, 83730.00
128350.00, 83767.50
128400.00, 83805.00
128450.00, 83842.50
128500.00, 83880.00
128550.00, 83917.50
128600.00, 83955.00
128650.00, 83992.50
128700.00, 84030.00
128750.00, 84067.50
128800.00, 84105.00
128850.00, 84142.50
128900.00, 84180.00
128950.00, 84217.50
129000.00, 84255.00
129050.00, 84292.50
129100.00, 84330.00
129150.00, 84367.50
129200.00, 84405.00
129250.00, 84442.50
129300.00, 84480.00
129350.00, 84517.50
129400.00, 84555.00
129450.00, 84592.50
129500.00, 84630.00
129550.00, 84667.50
129600.00, 84705.00
129650.00, 84742.50
129700.00, 84780.00
129750.00, 84817.50
129800.00, 84855.00
129850.00, 84892.50
129900.00, 84930.00
129950.00, 84967.50
130000.00, 85005.00
130050.00, 85042.50
130100.00, 85080.00
130150.00, 85117.50
130200.00, 85155.00
130250.00, 85192.50
130300.00, 85230.00
130350.00, 85267.50
130400.00, 85305.00
130450.00, 85342.50
130500.00, 85380.00
130550.00, 85417.50
130600.00, 85455.00
130650.00, 85492.50
130700.00, 85530.00
130750.00, 85567.50
130800.00, 85605.00
130850.00, 85642.50
130900.00, 85680.00
130950.00, 85717.50
131000.00, 85755.00
131050.00, 85792.50
131100.00, 85830.00
131150.00, 85867.50
131200.00, 85905.00
131250.00, 85942.50
131300.00, 85980.00
131350.00, 86017.50
131400.00, 86055.00
131450.00, 86092.50
131500.00, 86130.00
131550.00, 86167.50
131600.00, 86205.00
131650.00, 86242.50
131700.00, 86280.00
131750.00, 86317.50
131800.00, 86355.00
131850.00, 86392.50
131900.00, 86430.00
131950.00, 86467.50
132000.00, 86505.00
132050.00, 86542.50
132100.00, 86580.00
132150.00, 86617.50
132200.00, 86655.00
132250.00, 86692.50
132300.00, 86730.00
132350.00, 86767.50
132400.00, 86805.00
132450.00, 86842.50
132500.00, 86880.00
132550.00, 86917.50
132600.00, 86955.00
132650.00, 86992.50
132700.00, 87030.00
132750.00, 87067.50
132800.00, 87105.00
132850.00, 87142.50
132900.00, 87180.00
132950.00, 87217.50
133000.00, 87255.00
133050.00, 87292.50
133100.00, 87330.00
133150.00, 87367.50
133200.00, 87405.00
133250.00, 87442.50
133300.00, 87480.00
133350.00, 87517.50
133400.00, 87555.00
133450.00, 87592.50
133500.00, 87630.00
133550.00, 87667.50
133600.00, 87705.00
133650.00, 87742.50
133700.00, 87780.00
133750.00, 87817.50
133800.00, 87855.00
133850.00, 87892.50
133900.00, 87930.00
133950.00, 87967.50
134000.00, 88005.00
134050.00, 88042.50
134100.00, 88080.00
134150.00, 88117.50
134200.00, 88155.00
134250.00, 88192.50
134300.00, 88230.00
134350.00, 88267.50
134400.00, 88305.00
134450.00, 88342.50
134500.00, 88380.00
134550.00, 88417.50
134600.00, 88455.00
134650.00, 88492.50
134700.00, 88530.00
134750.00, 88567.50
134800.00, 88605.00
134850.00, 88642.50
134900.00, 88680.00
134950.00, 88717.50
135000.00, 88755.00
135050.00, 88792.50
135100.00, 88830.00
135150.00, 88867.50
135200.00, 88905.00
135250.00, 88942.50
135300.00, 88980.00
135350.00, 89017.50
135400.00, 89055.00
135450.00, 89092.50
135500.00, 89130.00
135550.00, 89167.50
135600.00, 89205.00
135650.00, 89242.50
135700.00, 89280.00
135750.00, 89317.50
135800.00, 89355.00
135850.00, 89392.50
135900.00, 89430.00
135950.00, 89467.50
136000.00, 89505.00
136050.00, 89542.50
136100.00, 89580.00
136150.00, 89617.50
136200.00, 89655.00
136250.00, 89692.50
136300.00, 89730.00
136350.00, 89767.50
136400.00, 89805.00
136450.00, 89842.50
136500.00, 89880.00
136550.00, 89917.50
136600.00, 89955.00
136650.00, 89992.50
136700.00, 90030.00
136750.00, 90067.50
136800.00, 90105.00
136850.00, 90142.50
136900.00, 90180.00
136950.00, 90217.50
137000.00, 90255.00
137050.00, 90292.50
137100.00, 90330.00
137150.00, 90367.50
137200.00, 90405.00
137250.00, 90442.50
137300.00, 90480.00
137350.00, 90517.50
137400.00, 90555.00
137450.00, 90592.50
137500.00, 90630.00
137550.00, 90667.50
137600.00, 90705.00
137650.00, 90742.50
137700.00, 90780.00
137750.00, 90817.50
137800.00, 90855.00
137850.00, 90892.50
137900.00, 90930.00
137950.00, 90967.50
138000.00, 91005.00
138050.00, 91042.50
138100.00, 91080.00
138150.00, 91117.50
138200.00, 91155.00
138250.00, 91192.50
138300.00, 91230.00
138350.00, 91267.50
138400.00, 91305.00
138450.00, 91342.50
138500.00, 91380.00
138550.00, 91417.50
138600.00, 91455.00
138650.00, 91492.50
138700.00, 91530.00
138750.00, 91567.50
138800.00, 91605.00
138850.00, 91642.50
138900.00, 91680.00
138950.00, 91717.50
139000.00, 91755.00
139050.00, 91792.50
139100.00, 91830.00
139150.00, 91867.50
139200.00, 91905.00
139250.00, 91942.50
139300.00, 91980.00
139350.00, 92017.50
139400.00, 92055.00
139450.00, 92092.50
139500.00, 92130.00
139550.00, 92167.50
139600.00, 92205.00
139650.00, 92242.50
139700.00, 92280.00
139750.00, 92317.50
139800.00, 92355.00
139850.00, 92392.50
139900.00, 92430.00
139950.00, 92467.50
140000.00, 92505.00
140050.00, 92542.50
140100.00, 92580.00
140150.00, 92617.50
140200.00, 92655.00
140250.00, 92692.50
140300.00, 92730.00
140350.00, 92767.50
140400.00, 92805.00
140450.00, 92842.50
140500.00, 92880.00
140550.00, 92917.50
140600.00, 92955.00
140650.00, 92992.50
140700.00, 93030.00
140750.00, 93067.50
140800.00, 93105.00
140850.00, 93142.50
140900.00, 93180.00
140950.00, 93217.50
141000.00, 93255.00
141050.00, 93292.50
141100.00, 93330.00
141150.00, 93367.50
141200.00, 93405.00
141250.00, 93442.50
141300.00, 93480.00
141350.00, 93517.50
141400.00, 93555.00
141450.00, 93592.50
141500.00, 93630.00
141550.00, 93667.50
141600.00, 93705.00
141650.00, 93742.50
141700.00, 93780.00
141750.00, 93817.50
141800.00, 93855.00
141850.00, 93892.50
141900.00, 93930.00
141950.00, 93967.50
142000.00, 94005.00
142050.00, 94042.50
142100.00, 94080.00
142150.00, 94117.50
142200.00, 94155.00
142250.00, 94192.50
142300.00, 94230.00
142350.00, 94267.50
142400.00, 94305.00
142450.00, 94342.50
142500.00, 94380.00
142550.00, 94417.50
142600.00, 94455.00
142650.00, 94492.50
142700.00, 94530.00
142750.00, 94567.50
142800.00, 94605.00
142850.00, 94642.50
142900.00, 94680.00
142950.00, 94717.50
143000.00, 94755.00
143050.00, 94792.50
143100.00, 94830.00
143150.00, 94867.50
143200.00, 94905.00
143250.00, 94942.50
143300.00, 94980.00
143350.00, 95017.50
143400.00, 95055.00
143450.00, 95092.50
143500.00, 95130.00
143550.00, 95167.50
143600.00, 95205.00
143650.00, 95242.50
143700.00, 95280.00
143750.00, 95317.50
143800.00, 95355.00
143850.00, 95392.50
143900.00, 95430.00
143950.00, 95467.50
144000.00, 95505.00
144050.00, 95542.50
144100.00, 95580.00
144150.00, 95617.50
144200.00, 95655.00
144250.00, 95692.50
144300.00, 95730.00
144350.00, 95767.50
144400.00, 95805.00
144450.00, 95842.50
144500.00, 95880.00
144550.00, 95917.50
144600.00, 95955.00
144650.00, 95992.50
144700.00, 96030.00
144750.00, 96067.50
144800.00, 96105.00
144850.00, 96142.50
144900.00, 96180.00
144950.00, 96217.50
145000.00, 96255.00
145050.00, 96292.50
145100.00, 96330.00
145150.00, 96367.50
145200.00, 96405.00
145250.00, 96442.50
145300.00, 96480.00
145350.00, 96517.50
145400.00, 96555.00
145450.00, 96592.50
145500.00, 96630.00
145550.00, 96667.50
145600.00, 96705.00
145650.00, 96742.50
145700.00, 96780.00
145750.00, 96817.50
145800.00, 96855.00
145850.00, 96892.50
145900.00, 96930.00
145950.00, 96967.50
146000.00, 97005.00
146050.00, 97042.50
146100.00, 97080.00
146150.00, 97117.50
146200.00, 97155.00
146250.00, 97192.50
146300.00, 97230.00
146350.00, 97267.50
146400.00, 97305.00
146450.00, 97342.50
146500.00, 97380.00
146550.00, 97417.50
146600.00, 97455.00
146650.00, 97492.50
146700.00, 97530.00
146750.00, 97567.50
146800.00, 97605.00
146850.00, 97642.50
146900.00, 97680.00
146950.00, 97717.50
147000.00, 97755.00
147050.00, 97792.50
147100.00, 97830.00
147150.00, 97867.50
147200.00, 97905.00
147250.00, 97942.50
147300.00, 97980.00
147350.00, 98017.50
147400.00, 98055.00
147450.00, 98092.50
147500.00, 98130.00
147550.00, 98167.50
147600.00, 98205.00
147650.00, 98242.50
147700.00, 98280.00
147750.00, 98317.50
147800.00, 98355.00
147850.00, 98392.50
147900.00, 98430.00
147950.00, 98467.50
148000.00, 98505.00
148050.00, 98542.50
148100.00, 98580.00
148150.00, 98617.50
148200.00, 98655.00
148250.00, 98692.50
148300.00, 98730.00
148350.00, 98767.50
148400.00, 98805.00
148450.00, 98842.50
148500.00, 98880.00
148550.00, 98917.50
148600.00, 98955.00
148650.00, 98992.50
148700.00, 99030.00
148750.00, 99067.50
148800.00, 99105.00
148850.00, 99142.50
148900.00, 99180.00
148950.00, 99217.50
149000.00, 99255.00
149050.00, 99292.50
149100.00, 99330.00
149150.00, 99367.50
149200.00, 99405.00
149250.00, 99442.50
149300.00, 99480.00
149350.00, 99517.50
149400.00, 99555.00
149450.00, 99592.50
149500.00, 99630.00
149550.00, 99667.50
149600.00, 99705.00
149650.00, 99742.50
149700.00, 99780.00
149750.00, 99817.50
149800.00, 99855.00
149850.00, 99892.50
149900.00, 99930.00
149950.00, 99967.50
