1000.00, 0.00
1050.00, 132.00
1100.00, 264.00
1150.00, 396.00
1200.00, 528.00
1250.00, 660.00
1300.00, 792.00
1350.00, 924.00
1400.00, 1056.00
1450.00, 1188.00
1500.00, 1320.00
1550.00, 1452.00
1600.00, 1584.00
1650.00, 1716.00
1700.00, 1848.00
1750.00, 1980.00
1800.00, 2112.00
1850.00, 2244.00
1900.00, 2376.00
1950.00, 2508.00
2000.00, 2640.00
2050.00, 2772.00
2100.00, 2904.00
2150.00, 3036.00
2200.00, 3168.00
2250.00, 3300.00
2300.00, 3432.00
2350.00, 3564.00
2400.00, 3696.00
2450.00, 3828.00
2500.00, 3960.00
2550.00, 4092.00
2600.00, 4224.00
2650.00, 4356.00
2700.00, 4488.00
2750.00, 4620.00
2800.00, 4752.00
2850.00, 4884.00
2900.00, 5016.00
2950.00, 5148.00
3000.00, 5280.00
3050.00, 5412.00
3100.00, 5544.00
3150.00, 5676.00
3200.00, 5808.00
3250.00, 5940.00
3300.00, 6072.00
3350.00, 6204.00
3400.00, 6336.00
3450.00, 6468.00
3500.00, 6600.00
3550.00, 6732.00
3600.00, 6864.00
3650.00, 6996.00
3700.00, 7128.00
3750.00, 7260.00
3800.00, 7392.00
3850.00, 7524.00
3900.00, 7656.00
3950.00, 7788.00
4000.00, 7920.00
4050.00, 8052.00
4100.00, 8184.00
4150.00, 8316.00
4200.00, 8448.00
4250.00, 8580.00
4300.00, 8712.00
4350.00, 8844.00
4400.00, 8976.00
4450.00, 9108.00
4500.00, 9240.00
4550.00, 9372.00
4600.00, 9504.00
4650.00, 9636.00
4700.00, 9768.00
4750.00, 9900.00
4800.00, 10032.00
4850.00, 10164.00
4900.00, 10296.00
4950.00, 10428.00
5000.00, 10560.00
5050.00, 10758.00
5100.00, 10956.00
5150.00, 11154.00
5200.00, 11352.00
5250.00, 11550.00
5300.00, 11748.00
5350.00, 11946.00
5400.00, 12144.00
5450.00, 12342.00
5500.00, 12540.00
5550.00, 12738.00
5600.00, 12936.00
5650.00, 13134.00
5700.00, 13332.00
5750.00, 13530.00
5800.00, 13728.00
5850.00, 13926.00
5900.00, 14124.00
5950.00, 14322.00
6000.00, 14520.00
6050.00, 14718.00
6100.00, 14916.00
6150.00, 15114.00
6200.00, 15312.00
6250.00, 15510.00
6300.00, 15708.00
6350.00, 15906.00
6400.00, 16104.00
6450.00, 16302.00
6500.00, 16500.00
6550.00, 16698.00
6600.00, 16896.00
6650.00, 17094.00
6700.00, 17292.00
6750.00, 17490.00
6800.00, 17688.00
6850.00, 17886.00
6900.00, 18084.00
6950.00, 18282.00
7000.00, 18480.00
7050.00, 18678.00
7100.00, 18876.00
7150.00, 19074.00
7200.00, 19272.00
7250.00, 19470.00
7300.00, 19668.00
7350.00, 19866.00
7400.00, 20064.00
7450.00, 20262.00
7500.00, 20460.00
7550.00, 20658.00
7600.00, 20856.00
7650.00, 21054.00
7700.00, 21252.00
7750.00, 21450.00
7800.00, 21648.00
7850.00, 21846.00
7900.00, 22044.00
7950.00, 22242.00
8000.00, 22440.00
8050.00, 22638.00
8100.00, 22836.00
8150.00, 23034.00
8200.00, 23232.00
8250.00, 23430.00
8300.00, 23628.00
8350.00, 23826.00
8400.00, 24024.00
8450.00, 24222.00
8500.00, 24420.00
8550.00, 24618.00
8600.00, 24816.00
8650.00, 25014.00
8700.00, 25212.00
8750.00, 25410.00
8800.00, 25608.00
8850.00, 25806.00
8900.00, 26004.00
8950.00, 26202.00
9000.00, 26400.00
9050.00, 26598.00
9100.00, 26796.00
9150.00, 26994.00
9200.00, 27192.00
9250.00, 27390.00
9300.00, 27588.00
9350.00, 27786.00
9400.00, 27984.00
9450.00, 28182.00
9500.00, 28380.00
9550.00, 28578.00
9600.00, 28776.00
9650.00, 28974.00
9700.00, 29172.00
9750.00, 29370.00
9800.00, 29568.00
9850.00, 29766.00
9900.00, 29964.00
9950.00, 30162.00
10000.00, 30360.00
10050.00, 30624.00
10100.00, 30888.00
10150.00, 31152.00
10200.00, 31416.00
10250.00, 31680.00
10300.00, 31944.00
10350.00, 32208.00
10400.00, 32472.00
10450.00, 32736.00
10500.00, 33000.00
10550.00, 33264.00
10600.00, 33528.00
10650.00, 33792.00
10700.00, 34056.00
10750.00, 34320.00
10800.00, 34584.00
10850.00, 34848.00
10900.00, 35112.00
10950.00, 35376.00
11000.00, 35640.00
11050.00, 35904.00
11100.00, 36168.00
11150.00, 36432.00
11200.00, 36696.00
11250.00, 36960.00
11300.00, 37224.00
11350.00, 37488.00
11400.00, 37752.00
11450.00, 38016.00
11500.00, 38280.00
11550.00, 38544.00
11600.00, 38808.00
11650.00, 39072.00
11700.00, 39336.00
11750.00, 39600.00
11800.00, 39864.00
11850.00, 40128.00
11900.00, 40392.00
11950.00, 40656.00
12000.00, 40920.00
12050.00, 41184.00
12100.00, 41448.00
12150.00, 41712.00
12200.00, 41976.00
12250.00, 42240.00
12300.00, 42504.00
12350.00, 42768.00
12400.00, 43032.00
12450.00, 43296.00
12500.00, 43560.00
12550.00, 43824.00
12600.00, 44088.00
12650.00, 44352.00
12700.00, 44616.00
12750.00, 44880.00
12800.00, 45144.00
12850.00, 45408.00
12900.00, 45672.00
12950.00, 45936.00
13000.00, 46200.00
13050.00, 46464.00
13100.00, 46728.00
13150.00, 46992.00
13200.00, 47256.00
13250.00, 47520.00
13300.00, 47784.00
13350.00, 48048.00
13400.00, 48312.00
13450.00, 48576.00
13500.00, 48840.00
13550.00, 49104.00
13600.00, 49368.00
13650.00, 49632.00
13700.00, 49896.00
13750.00, 50160.00
13800.00, 50424.00
13850.00, 50688.00
13900.00, 50952.00
13950.00, 51216.00
14000.00, 51480.00
14050.00, 51744.00
14100.00, 52008.00
14150.00, 52272.00
14200.00, 52536.00
14250.00, 52800.00
14300.00, 53064.00
14350.00, 53328.00
14400.00, 53592.00
14450.00, 53856.00
14500.00, 54120.00
14550.00, 54384.00
14600.00, 54648.00
14650.00, 54912.00
14700.00, 55176.00
14750.00, 55440.00
14800.00, 55704.00
14850.00, 55968.00
14900.00, 56232.00
14950.00, 56496.00
15000.00, 56760.00
15050.00, 57024.00
15100.00, 57288.00
15150.00, 57552.00
15200.00, 57816.00
15250.00, 58080.00
15300.00, 58344.00
15350.00, 58608.00
15400.00, 58872.00
15450.00, 59136.00
15500.00, 59400.00
15550.00, 59664.00
15600.00, 59928.00
15650.00, 60192.00
15700.00, 60456.00
15750.00, 60720.00
15800.00, 60984.00
15850.00, 61248.00
15900.00, 61512.00
15950.00, 61776.00
16000.00, 62040.00
16050.00, 62304.00
16100.00, 62568.00
16150.00, 62832.00
16200.00, 63096.00
16250.00, 63360.00
16300.00, 63624.00
16350.00, 63888.00
16400.00, 64152.00
16450.00, 64416.00
16500.00, 64680.00
16550.00, 64944.00
16600.00, 65208.00
16650.00, 65472.00
16700.00, 65736.00
16750.00, 66000.00
16800.00, 66264.00
16850.00, 66528.00
16900.00, 66792.00
16950.00, 67056.00
17000.00, 67320.00
17050.00, 67584.00
17100.00, 67848.00
17150.00, 68112.00
17200.00, 68376.00
17250.00, 68640.00
17300.00, 68904.00
17350.00, 69168.00
17400.00, 69432.00
17450.00, 69696.00
17500.00, 69960.00
17550.00, 70224.00
17600.00, 70488.00
17650.00, 70752.00
17700.00, 71016.00
17750.00, 71280.00
17800.00, 71544.00
17850.00, 71808.00
17900.00, 72072.00
17950.00, 72336.00
18000.00, 72600.00
18050.00, 72864.00
18100.00, 73128.00
18150.00, 73392.00
18200.00, 73656.00
18250.00, 73920.00
18300.00, 74184.00
18350.00, 74448.00
18400.00, 74712.00
18450.00, 74976.00
18500.00, 75240.00
18550.00, 75504.00
18600.00, 75768.00
18650.00, 76032.00
18700.00, 76296.00
18750.00, 76560.00
18800.00, 76824.00
18850.00, 77088.00
18900.00, 77352.00
18950.00, 77616.00
19000.00, 77880.00
19050.00, 78144.00
19100.00, 78408.00
19150.00, 78672.00
19200.00, 78936.00
19250.00, 79200.00
19300.00, 79464.00
19350.00, 79728.00
19400.00, 79992.00
19450.00, 80256.00
19500.00, 80520.00
19550.00, 80784.00
19600.00, 81048.00
19650.00, 81312.00
19700.00, 81576.00
19750.00, 81840.00
19800.00, 82104.00
19850.00, 82368.00
19900.00, 82632.00
19950.00, 82896.00
20000.00, 83160.00
20050.00, 83424.00
20100.00, 83688.00
20150.00, 83952.00
20200.00, 84216.00
20250.00, 84480.00
20300.00, 84744.00
20350.00, 85008.00
20400.00, 85272.00
20450.00, 85536.00
20500.00, 85800.00
20550.00, 86064.00
20600.00, 86328.00
20650.00, 86592.00
20700.00, 86856.00
20750.00, 87120.00
20800.00, 87384.00
20850.00, 87670.00
20900.00, 88000.00
20950.00, 88330.00
21000.00, 88660.00
21050.00, 88990.00
21100.00, 89320.00
21150.00, 89650.00
21200.00, 89980.00
21250.00, 90310.00
21300.00, 90640.00
21350.00, 90970.00
21400.00, 91300.00
21450.00, 91630.00
21500.00, 91960.00
21550.00, 92290.00
21600.00, 92620.00
21650.00, 92950.00
21700.00, 93280.00
21750.00, 93610.00
21800.00, 93940.00
21850.00, 94270.00
21900.00, 94600.00
21950.00, 94930.00
22000.00, 95260.00
22050.00, 95590.00
22100.00, 95920.00
22150.00, 96250.00
22200.00, 96580.00
22250.00, 96910.00
22300.00, 97240.00
22350.00, 97570.00
22400.00, 97900.00
22450.00, 98230.00
22500.00, 98560.00
22550.00, 98890.00
22600.00, 99220.00
22650.00, 99550.00
22700.00, 99880.00
22750.00, 100210.00
22800.00, 100540.00
22850.00, 100870.00
22900.00, 101200.00
22950.00, 101530.00
23000.00, 101860.00
23050.00, 102190.00
23100.00, 102520.00
23150.00, 102850.00
23200.00, 103180.00
23250.00, 103510.00
23300.00, 103840.00
23350.00, 104170.00
23400.00, 104500.00
23450.00, 104830.00
23500.00, 105160.00
23550.00, 105490.00
23600.00, 105820.00
23650.00, 106150.00
23700.00, 106480.00
23750.00, 106810.00
23800.00, 107140.00
23850.00, 107470.00
23900.00, 107800.00
23950.00, 108130.00
24000.00, 108460.00
24050.00, 108790.00
24100.00, 109120.00
24150.00, 109450.00
24200.00, 109780.00
24250.00, 110110.00
24300.00, 110440.00
24350.00, 110770.00
24400.00, 111100.00
24450.00, 111430.00
24500.00, 111760.00
24550.00, 112090.00
24600.00, 112420.00
24650.00, 112750.00
24700.00, 113080.00
24750.00, 113410.00
24800.00, 113740.00
24850.00, 114070.00
24900.00, 114400.00
24950.00, 114730.00
25000.00, 115060.00
25050.00, 115390.00
25100.00, 115720.00
25150.00, 116050.00
25200.00, 116380.00
25250.00, 116710.00
25300.00, 117040.00
25350.00, 117370.00
25400.00, 117700.00
25450.00, 118030.00
25500.00, 118360.00
25550.00, 118690.00
25600.00, 119020.00
25650.00, 119350.00
25700.00, 119680.00
25750.00, 120010.00
25800.00, 120340.00
25850.00, 120670.00
25900.00, 121000.00
25950.00, 121330.00
26000.00, 121660.00
26050.00, 121990.00
26100.00, 122320.00
26150.00, 122650.00
26200.00, 122980.00
26250.00, 123310.00
26300.00, 123640.00
26350.00, 123970.00
26400.00, 124300.00
26450.00, 124630.00
26500.00, 124960.00
26550.00, 125290.00
26600.00, 125620.00
26650.00, 125950.00
26700.00, 126280.00
26750.00, 126610.00
26800.00, 126940.00
26850.00, 127270.00
26900.00, 127600.00
26950.00, 127930.00
27000.00, 128260.00
27050.00, 128590.00
27100.00, 128920.00
27150.00, 129250.00
27200.00, 129580.00
27250.00, 129910.00
27300.00, 130240.00
27350.00, 130570.00
27400.00, 130900.00
27450.00, 131230.00
27500.00, 131560.00
27550.00, 131890.00
27600.00, 132220.00
27650.00, 132550.00
27700.00, 132880.00
27750.00, 133210.00
27800.00, 133540.00
27850.00, 133870.00
27900.00, 134200.00
27950.00, 134530.00
28000.00, 134860.00
28050.00, 135190.00
28100.00, 135520.00
28150.00, 135850.00
28200.00, 136180.00
28250.00, 136510.00
28300.00, 136840.00
28350.00, 137170.00
28400.00, 137500.00
28450.00, 137830.00
28500.00, 138160.00
28550.00, 138490.00
28600.00, 138820.00
28650.00, 139150.00
28700.00, 139480.00
28750.00, 139810.00
28800.00, 140140.00
28850.00, 140470.00
28900.00, 140800.00
28950.00, 141130.00
29000.00, 141460.00
29050.00, 141790.00
29100.00, 142120.00
29150.00, 142450.00
29200.00, 142780.00
29250.00, 143110.00
29300.00, 143440.00
29350.00, 143770.00
29400.00, 144100.00
29450.00, 144430.00
29500.00, 144760.00
29550.00, 145090.00
29600.00, 145420.00
29650.00, 145750.00
29700.00, 146080.00
29750.00, 146410.00
29800.00, 146740.00
29850.00, 147070.00
29900.00, 147400.00
29950.00, 147730.00
30000.00, 148060.00
30050.00, 148390.00
30100.00, 148720.00
30150.00, 149050.00
30200.00, 149380.00
30250.00, 149710.00
30300.00, 150040.00
30350.00, 150370.00
30400.00, 150700.00
30450.00, 151030.00
30500.00, 151360.00
30550.00, 151690.00
30600.00, 152020.00
30650.00, 152350.00
30700.00, 152680.00
30750.00, 153010.00
30800.00, 153340.00
30850.00, 153670.00
30900.00, 154000.00
30950.00, 154330.00
31000.00, 154660.00
31050.00, 154990.00
31100.00, 155320.00
31150.00, 155650.00
31200.00, 155980.00
31250.00, 156310.00
31300.00, 156640.00
31350.00, 156970.00
31400.00, 157300.00
31450.00, 157630.00
31500.00, 157960.00
31550.00, 158290.00
31600.00, 158620.00
31650.00, 158950.00
31700.00, 159280.00
31750.00, 159610.00
31800.00, 159940.00
31850.00, 160270.00
31900.00, 160600.00
31950.00, 160930.00
32000.00, 161260.00
32050.00, 161590.00
32100.00, 161920.00
32150.00, 162250.00
32200.00, 162580.00
32250.00, 162910.00
32300.00, 163240.00
32350.00, 163570.00
32400.00, 163900.00
32450.00, 164230.00
32500.00, 164560.00
32550.00, 164890.00
32600.00, 165220.00
32650.00, 165550.00
32700.00, 165880.00
32750.00, 166210.00
32800.00, 166540.00
32850.00, 166870.00
32900.00, 167200.00
32950.00, 167530.00
33000.00, 167860.00
33050.00, 168190.00
33100.00, 168520.00
33150.00, 168850.00
33200.00, 169180.00
33250.00, 169510.00
33300.00, 169840.00
33350.00, 170170.00
33400.00, 170500.00
33450.00, 170830.00
33500.00, 171160.00
33550.00, 171490.00
33600.00, 171820.00
33650.00, 172150.00
33700.00, 172480.00
33750.00, 172810.00
33800.00, 173140.00
33850.00, 173470.00
33900.00, 173800.00
33950.00, 174130.00
34000.00, 174460.00
34050.00, 174790.00
34100.00, 175120.00
34150.00, 175450.00
34200.00, 175780.00
34250.00, 176110.00
34300.00, 176440.00
34350.00, 176770.00
34400.00, 177100.00
34450.00, 177430.00
34500.00, 177760.00
34550.00, 178090.00
34600.00, 178420.00
34650.00, 178750.00
34700.00, 179080.00
34750.00, 179410.00
34800.00, 179740.00
34850.00, 180070.00
34900.00, 180400.00
34950.00, 180730.00
35000.00, 181060.00
35050.00, 181390.00
35100.00, 181720.00
35150.00, 182050.00
35200.00, 182380.00
35250.00, 182710.00
35300.00, 183040.00
35350.00, 183370.00
35400.00, 183700.00
35450.00, 184030.00
35500.00, 184360.00
35550.00, 184690.00
35600.00, 185020.00
35650.00, 185350.00
35700.00, 185680.00
35750.00, 186010.00
35800.00, 186340.00
35850.00, 186670.00
35900.00, 187000.00
35950.00, 187330.00
36000.00, 187660.00
36050.00, 187990.00
36100.00, 188320.00
36150.00, 188650.00
36200.00, 188980.00
36250.00, 189310.00
36300.00, 189640.00
36350.00, 189970.00
36400.00, 190300.00
36450.00, 190630.00
36500.00, 190960.00
36550.00, 191290.00
36600.00, 191620.00
36650.00, 191950.00
36700.00, 192280.00
36750.00, 192610.00
36800.00, 192940.00
36850.00, 193270.00
36900.00, 193600.00
36950.00, 193930.00
37000.00, 194260.00
37050.00, 194590.00
37100.00, 194920.00
37150.00, 195250.00
37200.00, 195580.00
37250.00, 195910.00
37300.00, 196240.00
37350.00, 196570.00
37400.00, 196900.00
37450.00, 197230.00
37500.00, 197560.00
37550.00, 197890.00
37600.00, 198220.00
37650.00, 198550.00
37700.00, 198880.00
37750.00, 199210.00
37800.00, 199540.00
37850.00, 199870.00
37900.00, 200200.00
37950.00, 200530.00
38000.00, 200860.00
38050.00, 201190.00
38100.00, 201520.00
38150.00, 201850.00
38200.00, 202180.00
38250.00, 202510.00
38300.00, 202840.00
38350.00, 203170.00
38400.00, 203500.00
38450.00, 203830.00
38500.00, 204160.00
38550.00, 204490.00
38600.00, 204820.00
38650.00, 205150.00
38700.00, 205480.00
38750.00, 205810.00
38800.00, 206140.00
38850.00, 206470.00
38900.00, 206800.00
38950.00, 207130.00
39000.00, 207460.00
39050.00, 207790.00
39100.00, 208120.00
39150.00, 208450.00
39200.00, 208780.00
39250.00, 209110.00
39300.00, 209440.00
39350.00, 209770.00
39400.00, 210100.00
39450.00, 210430.00
39500.00, 210760.00
39550.00, 211090.00
39600.00, 211420.00
39650.00, 211750.00
39700.00, 212080.00
39750.00, 212410.00
39800.00, 212740.00
39850.00, 213070.00
39900.00, 213400.00
39950.00, 213730.00
40000.00, 214060.00
40050.00, 214390.00
40100.00, 214720.00
40150.00, 215050.00
40200.00, 215380.00
40250.00, 215710.00
40300.00, 216040.00
40350.00, 216370.00
40400.00, 216700.00
40450.00, 217030.00
40500.00, 217360.00
40550.00, 217690.00
40600.00, 218020.00
40650.00, 218350.00
40700.00, 218680.00
40750.00, 219010.00
40800.00, 219340.00
40850.00, 219670.00
40900.00, 220000.00
40950.00, 220330.00
41000.00, 220660.00
41050.00, 220990.00
41100.00, 221320.00
41150.00, 221650.00
41200.00, 221980.00
41250.00, 222310.00
41300.00, 222640.00
41350.00, 222970.00
41400.00, 223300.00
41450.00, 223630.00
41500.00, 223960.00
41550.00, 224290.00
41600.00, 224620.00
41650.00, 224950.00
41700.00, 225360.00
41750.00, 225810.00
41800.00, 226260.00
41850.00, 226710.00
41900.00, 227160.00
41950.00, 227610.00
42000.00, 228060.00
42050.00, 228510.00
42100.00, 228960.00
42150.00, 229410.00
42200.00, 229860.00
42250.00, 230310.00
42300.00, 230760.00
42350.00, 231210.00
42400.00, 231660.00
42450.00, 232110.00
42500.00, 232560.00
42550.00, 233010.00
42600.00, 233460.00
42650.00, 233910.00
42700.00, 234360.00
42750.00, 234810.00
42800.00, 235260.00
42850.00, 235710.00
42900.00, 236160.00
42950.00, 236610.00
43000.00, 237060.00
43050.00, 237510.00
43100.00, 237960.00
43150.00, 238410.00
43200.00, 238860.00
43250.00, 239310.00
43300.00, 239760.00
43350.00, 240210.00
43400.00, 240660.00
43450.00, 241110.00
43500.00, 241560.00
43550.00, 242010.00
43600.00, 242460.00
43650.00, 242910.00
43700.00, 243360.00
43750.00, 243810.00
43800.00, 244260.00
43850.00, 244710.00
43900.00, 245160.00
43950.00, 245610.00
44000.00, 246060.00
44050.00, 246510.00
44100.00, 246960.00
44150.00, 247410.00
44200.00, 247860.00
44250.00, 248310.00
44300.00, 248760.00
44350.00, 249210.00
44400.00, 249660.00
44450.00, 250110.00
44500.00, 250560.00
44550.00, 251010.00
44600.00, 251460.00
44650.00, 251910.00
44700.00, 252360.00
44750.00, 252810.00
44800.00, 253260.00
44850.00, 253710.00
44900.00, 254160.00
44950.00, 254610.00
45000.00, 255060.00
45050.00, 255510.00
45100.00, 255960.00
45150.00, 256410.00
45200.00, 256860.00
45250.00, 257310.00
45300.00, 257760.00
45350.00, 258210.00
45400.00, 258660.00
45450.00, 259110.00
45500.00, 259560.00
45550.00, 260010.00
45600.00, 260460.00
45650.00, 260910.00
45700.00, 261360.00
45750.00, 261810.00
45800.00, 262260.00
45850.00, 262710.00
45900.00, 263160.00
45950.00, 263610.00
46000.00, 264060.00
46050.00, 264510.00
46100.00, 264960.00
46150.00, 265410.00
46200.00, 265860.00
46250.00, 266310.00
46300.00, 266760.00
46350.00, 267210.00
46400.00, 267660.00
46450.00, 268110.00
46500.00, 268560.00
46550.00, 269010.00
46600.00, 269460.00
46650.00, 269910.00
46700.00, 270360.00
46750.00, 270810.00
46800.00, 271260.00
46850.00, 271710.00
46900.00, 272160.00
46950.00, 272610.00
47000.00, 273060.00
47050.00, 273510.00
47100.00, 273960.00
47150.00, 274410.00
47200.00, 274860.00
47250.00, 275310.00
47300.00, 275760.00
47350.00, 276210.00
47400.00, 276660.00
47450.00, 277110.00
47500.00, 277560.00
47550.00, 278010.00
47600.00, 278460.00
47650.00, 278910.00
47700.00, 279360.00
47750.00, 279810.00
47800.00, 280260.00
47850.00, 280710.00
47900.00, 281160.00
47950.00, 281610.00
48000.00, 282060.00
48050.00, 282510.00
48100.00, 282960.00
48150.00, 283410.00
48200.00, 283860.00
48250.00, 284310.00
48300.00, 284760.00
48350.00, 285210.00
48400.00, 285660.00
48450.00, 286110.00
48500.00, 286560.00
48550.00, 287010.00
48600.00, 287460.00
48650.00, 287910.00
48700.00, 288360.00
48750.00, 288810.00
48800.00, 289260.00
48850.00, 289710.00
48900.00, 290160.00
48950.00, 290610.00
49000.00, 291060.00
49050.00, 291510.00
49100.00, 291960.00
49150.00, 292410.00
49200.00, 292860.00
49250.00, 293310.00
49300.00, 293760.00
49350.00, 294210.00
49400.00, 294660.00
49450.00, 295110.00
49500.00, 295560.00
49550.00, 296010.00
49600.00, 296460.00
49650.00, 296910.00
49700.00, 297360.00
49750.00, 297810.00
49800.00, 298260.00
49850.00, 298710.00
49900.00, 299160.00
49950.00, 299610.00
50000.00, 300060.00
50050.00, 300510.00
50100.00, 300960.00
50150.00, 301410.00
50200.00, 301860.00
50250.00, 302310.00
50300.00, 302760.00
50350.00, 303210.00
50400.00, 303660.00
50450.00, 304110.00
50500.00, 304560.00
50550.00, 305010.00
50600.00, 305460.00
50650.00, 305910.00
50700.00, 306360.00
50750.00, 306810.00
50800.00, 307260.00
50850.00, 307710.00
50900.00, 308160.00
50950.00, 308610.00
51000.00, 309060.00
51050.00, 309510.00
51100.00, 309960.00
51150.00, 310410.00
51200.00, 310860.00
51250.00, 311310.00
51300.00, 311760.00
51350.00, 312210.00
51400.00, 312660.00
51450.00, 313110.00
51500.00, 313560.00
51550.00, 314010.00
51600.00, 314460.00
51650.00, 314910.00
51700.00, 315360.00
51750.00, 315810.00
51800.00, 316260.00
51850.00, 316710.00
51900.00, 317160.00
51950.00, 317610.00
52000.00, 318060.00
52050.00, 318510.00
52100.00, 318960.00
52150.00, 319410.00
52200.00, 319860.00
52250.00, 320310.00
52300.00, 320760.00
52350.00, 321210.00
52400.00, 321660.00
52450.00, 322110.00
52500.00, 322560.00
52550.00, 323010.00
52600.00, 323460.00
52650.00, 323910.00
52700.00, 324360.00
52750.00, 324810.00
52800.00, 325260.00
52850.00, 325710.00
52900.00, 326160.00
52950.00, 326610.00
53000.00, 327060.00
53050.00, 327510.00
53100.00, 327960.00
53150.00, 328410.00
53200.00, 328860.00
53250.00, 329310.00
53300.00, 329760.00
53350.00, 330210.00
53400.00, 330660.00
53450.00, 331110.00
53500.00, 331560.00
53550.00, 332010.00
53600.00, 332460.00
53650.00, 332910.00
53700.00, 333360.00
53750.00, 333810.00
53800.00, 334260.00
53850.00, 334710.00
53900.00, 335160.00
53950.00, 335610.00
54000.00, 336060.00
54050.00, 336510.00
54100.00, 336960.00
54150.00, 337410.00
54200.00, 337860.00
54250.00, 338310.00
54300.00, 338760.00
54350.00, 339210.00
54400.00, 339660.00
54450.00, 340110.00
54500.00, 340560.00
54550.00, 341010.00
54600.00, 341460.00
54650.00, 341910.00
54700.00, 342360.00
54750.00, 342810.00
54800.00, 343260.00
54850.00, 343710.00
54900.00, 344160.00
54950.00, 344610.00
55000.00, 345060.00
55050.00, 345510.00
55100.00, 345960.00
55150.00, 346410.00
55200.00, 346860.00
55250.00, 347310.00
55300.00, 347760.00
55350.00, 348210.00
55400.00, 348660.00
55450.00, 349110.00
55500.00, 349560.00
55550.00, 350010.00
55600.00, 350460.00
55650.00, 350910.00
55700.00, 351360.00
55750.00, 351810.00
55800.00, 352260.00
55850.00, 352710.00
55900.00, 353160.00
55950.00, 353610.00
56000.00, 354060.00
56050.00, 354510.00
56100.00, 354960.00
56150.00, 355410.00
56200.00, 355860.00
56250.00, 356310.00
56300.00, 356760.00
56350.00, 357210.00
56400.00, 357660.00
56450.00, 358110.00
56500.00, 358560.00
56550.00, 359010.00
56600.00, 359460.00
56650.00, 359910.00
56700.00, 360360.00
56750.00, 360810.00
56800.00, 361260.00
56850.00, 361710.00
56900.00, 362160.00
56950.00, 362610.00
57000.00, 363060.00
57050.00, 363510.00
57100.00, 363960.00
57150.00, 364410.00
57200.00, 364860.00
57250.00, 365310.00
57300.00, 365760.00
57350.00, 366210.00
57400.00, 366660.00
57450.00, 367110.00
57500.00, 367560.00
57550.00, 368010.00
57600.00, 368460.00
57650.00, 368910.00
57700.00, 369360.00
57750.00, 369810.00
57800.00, 370260.00
57850.00, 370710.00
57900.00, 371160.00
57950.00, 371610.00
58000.00, 372060.00
58050.00, 372510.00
58100.00, 372960.00
58150.00, 373410.00
58200.00, 373860.00
58250.00, 374310.00
58300.00, 374760.00
58350.00, 375210.00
58400.00, 375660.00
58450.00, 376110.00
58500.00, 376560.00
58550.00, 377010.00
58600.00, 377460.00
58650.00, 377910.00
58700.00, 378360.00
58750.00, 378810.00
58800.00, 379260.00
58850.00, 379710.00
58900.00, 380160.00
58950.00, 380610.00
59000.00, 381060.00
59050.00, 381510.00
59100.00, 381960.00
59150.00, 382410.00
59200.00, 382860.00
59250.00, 383310.00
59300.00, 383760.00
59350.00, 384210.00
59400.00, 384660.00
59450.00, 385110.00
59500.00, 385560.00
59550.00, 386010.00
59600.00, 386460.00
59650.00, 386910.00
59700.00, 387360.00
59750.00, 387810.00
59800.00, 388260.00
59850.00, 388710.00
59900.00, 389160.00
59950.00, 389610.00
60000.00, 390060.00
60050.00, 390510.00
60100.00, 390960.00
60150.00, 391410.00
60200.00, 391860.00
60250.00, 392310.00
60300.00, 392760.00
60350.00, 393210.00
60400.00, 393660.00
60450.00, 394110.00
60500.00, 394560.00
60550.00, 395010.00
60600.00, 395460.00
60650.00, 395910.00
60700.00, 396360.00
60750.00, 396810.00
60800.00, 397260.00
60850.00, 397710.00
60900.00, 398160.00
60950.00, 398610.00
61000.00, 399060.00
61050.00, 399510.00
61100.00, 399960.00
61150.00, 400410.00
61200.00, 400860.00
61250.00, 401310.00
61300.00, 401760.00
61350.00, 402210.00
61400.00, 402660.00
61450.00, 403110.00
61500.00, 403560.00
61550.00, 404010.00
61600.00, 404460.00
61650.00, 404910.00
61700.00, 405360.00
61750.00, 405810.00
61800.00, 406260.00
61850.00, 406710.00
61900.00, 407160.00
61950.00, 407610.00
62000.00, 408060.00
62050.00, 408510.00
62100.00, 408960.00
62150.00, 409410.00
62200.00, 409860.00
62250.00, 410310.00
62300.00, 410760.00
62350.00, 411210.00
62400.00, 411660.00
62450.00, 412110.00
62500.00, 412560.00
62550.00, 413010.00
62600.00, 413460.00
62650.00, 413910.00
62700.00, 414360.00
62750.00, 414810.00
62800.00, 415260.00
62850.00, 415710.00
62900.00, 416160.00
62950.00, 416610.00
63000.00, 417060.00
63050.00, 417510.00
63100.00, 417960.00
63150.00, 418410.00
63200.00, 418860.00
63250.00, 419310.00
63300.00, 419760.00
63350.00, 420210.00
63400.00, 420660.00
63450.00, 421110.00
63500.00, 421560.00
63550.00, 422010.00
63600.00, 422460.00
63650.00, 422910.00
63700.00, 423360.00
63750.00, 423810.00
63800.00, 424260.00
63850.00, 424710.00
63900.00, 425160.00
63950.00, 425610.00
64000.00, 426060.00
64050.00, 426510.00
64100.00, 426960.00
64150.00, 427410.00
64200.00, 427860.00
64250.00, 428310.00
64300.00, 428760.00
64350.00, 429210.00
64400.00, 429660.00
64450.00, 430110.00
64500.00, 430560.00
64550.00, 431010.00
64600.00, 431460.00
64650.00, 431910.00
64700.00, 432360.00
64750.00, 432810.00
64800.00, 433260.00
64850.00, 433710.00
64900.00, 434160.00
64950.00, 434610.00
65000.00, 435060.00
65050.00, 435510.00
65100.00, 435960.00
65150.00, 436410.00
65200.00, 436860.00
65250.00, 437310.00
65300.00, 437760.00
65350.00, 438210.00
65400.00, 438660.00
65450.00, 439110.00
65500.00, 439560.00
65550.00, 440010.00
65600.00, 440460.00
65650.00, 440910.00
65700.00, 441360.00
65750.00, 441810.00
65800.00, 442260.00
65850.00, 442710.00
65900.00, 443160.00
65950.00, 443610.00
66000.00, 444060.00
66050.00, 444510.00
66100.00, 444960.00
66150.00, 445410.00
66200.00, 445860.00
66250.00, 446310.00
66300.00, 446760.00
66350.00, 447210.00
66400.00, 447660.00
66450.00, 448110.00
66500.00, 448560.00
66550.00, 449010.00
66600.00, 449460.00
66650.00, 449910.00
66700.00, 450360.00
66750.00, 450810.00
66800.00, 451260.00
66850.00, 451710.00
66900.00, 452160.00
66950.00, 452610.00
67000.00, 453060.00
67050.00, 453510.00
67100.00, 453960.00
67150.00, 454410.00
67200.00, 454860.00
67250.00, 455310.00
67300.00, 455760.00
67350.00, 456210.00
67400.00, 456660.00
67450.00, 457110.00
67500.00, 457560.00
67550.00, 458010.00
67600.00, 458460.00
67650.00, 458910.00
67700.00, 459360.00
67750.00, 459810.00
67800.00, 460260.00
67850.00, 460710.00
67900.00, 461160.00
67950.00, 461610.00
68000.00, 462060.00
68050.00, 462510.00
68100.00, 462960.00
68150.00, 463410.00
68200.00, 463860.00
68250.00, 464310.00
68300.00, 464760.00
68350.00, 465210.00
68400.00, 465660.00
68450.00, 466110.00
68500.00, 466560.00
68550.00, 467010.00
68600.00, 467460.00
68650.00, 467910.00
68700.00, 468360.00
68750.00, 468810.00
68800.00, 469260.00
68850.00, 469710.00
68900.00, 470160.00
68950.00, 470610.00
69000.00, 471060.00
69050.00, 471510.00
69100.00, 471960.00
69150.00, 472410.00
69200.00, 472860.00
69250.00, 473310.00
69300.00, 473760.00
69350.00, 474210.00
69400.00, 474660.00
69450.00, 475110.00
69500.00, 475560.00
69550.00, 476010.00
69600.00, 476460.00
69650.00, 476910.00
69700.00, 477360.00
69750.00, 477810.00
69800.00, 478260.00
69850.00, 478710.00
69900.00, 479160.00
69950.00, 479610.00
70000.00, 480060.00
70050.00, 480510.00
70100.00, 480960.00
70150.00, 481410.00
70200.00, 481860.00
70250.00, 482310.00
70300.00, 482760.00
70350.00, 483210.00
70400.00, 483660.00
70450.00, 484110.00
70500.00, 484560.00
70550.00, 485010.00
70600.00, 485460.00
70650.00, 485910.00
70700.00, 486360.00
70750.00, 486810.00
70800.00, 487260.00
70850.00, 487710.00
70900.00, 488160.00
70950.00, 488610.00
71000.00, 489060.00
71050.00, 489510.00
71100.00, 489960.00
71150.00, 490410.00
71200.00, 490860.00
71250.00, 491310.00
71300.00, 491760.00
71350.00, 492210.00
71400.00, 492660.00
71450.00, 493110.00
71500.00, 493560.00
71550.00, 494010.00
71600.00, 494460.00
71650.00, 494910.00
71700.00, 495360.00
71750.00, 495810.00
71800.00, 496260.00
71850.00, 496710.00
71900.00, 497160.00
71950.00, 497610.00
72000.00, 498060.00
72050.00, 498510.00
72100.00, 498960.00
72150.00, 499410.00
72200.00, 499860.00
72250.00, 500310.00
72300.00, 500760.00
72350.00, 501210.00
72400.00, 501660.00
72450.00, 502110.00
72500.00, 502560.00
72550.00, 503010.00
72600.00, 503460.00
72650.00, 503910.00
72700.00, 504360.00
72750.00, 504810.00
72800.00, 505260.00
72850.00, 505710.00
72900.00, 506160.00
72950.00, 506610.00
73000.00, 507060.00
73050.00, 507510.00
73100.00, 507960.00
73150.00, 508410.00
73200.00, 508860.00
73250.00, 509310.00
73300.00, 509760.00
73350.00, 510210.00
73400.00, 510660.00
73450.00, 511110.00
73500.00, 511560.00
73550.00, 512010.00
73600.00, 512460.00
73650.00, 512910.00
73700.00, 513360.00
73750.00, 513810.00
73800.00, 514260.00
73850.00, 514710.00
73900.00, 515160.00
73950.00, 515610.00
74000.00, 516060.00
74050.00, 516510.00
74100.00, 516960.00
74150.00, 517410.00
74200.00, 517860.00
74250.00, 518310.00
74300.00, 518760.00
74350.00, 519210.00
74400.00, 519660.00
74450.00, 520110.00
74500.00, 520560.00
74550.00, 521010.00
74600.00, 521460.00
74650.00, 521910.00
74700.00, 522360.00
74750.00, 522810.00
74800.00, 523260.00
74850.00, 523710.00
74900.00, 524160.00
74950.00, 524610.00
75000.00, 525060.00
75050.00, 525510.00
75100.00, 525960.00
75150.00, 526410.00
75200.00, 526860.00
75250.00, 527310.00
75300.00, 527760.00
75350.00, 528210.00
75400.00, 528660.00
75450.00, 529110.00
75500.00, 529560.00
75550.00, 530010.00
75600.00, 530460.00
75650.00, 530910.00
75700.00, 531360.00
75750.00, 531810.00
75800.00, 532260.00
75850.00, 532710.00
75900.00, 533160.00
75950.00, 533610.00
76000.00, 534060.00
76050.00, 534510.00
76100.00, 534960.00
76150.00, 535410.00
76200.00, 535860.00
76250.00, 536310.00
76300.00, 536760.00
76350.00, 537210.00
76400.00, 537660.00
76450.00, 538110.00
76500.00, 538560.00
76550.00, 539010.00
76600.00, 539460.00
76650.00, 539910.00
76700.00, 540360.00
76750.00, 540810.00
76800.00, 541260.00
76850.00, 541710.00
76900.00, 542160.00
76950.00, 542610.00
77000.00, 543060.00
77050.00, 543510.00
77100.00, 543960.00
77150.00, 544410.00
77200.00, 544860.00
77250.00, 545310.00
77300.00, 545760.00
77350.00, 546210.00
77400.00, 546660.00
77450.00, 547110.00
77500.00, 547560.00
77550.00, 548010.00
77600.00, 548460.00
77650.00, 548910.00
77700.00, 549360.00
77750.00, 549810.00
77800.00, 550260.00
77850.00, 550710.00
77900.00, 551160.00
77950.00, 551610.00
78000.00, 552060.00
78050.00, 552510.00
78100.00, 552960.00
78150.00, 553410.00
78200.00, 553860.00
78250.00, 554310.00
78300.00, 554760.00
78350.00, 555210.00
78400.00, 555660.00
78450.00, 556110.00
78500.00, 556560.00
78550.00, 557010.00
78600.00, 557460.00
78650.00, 557910.00
78700.00, 558360.00
78750.00, 558810.00
78800.00, 559260.00
78850.00, 559710.00
78900.00, 560160.00
78950.00, 560610.00
79000.00, 561060.00
79050.00, 561510.00
79100.00, 561960.00
79150.00, 562410.00
79200.00, 562860.00
79250.00, 563310.00
79300.00, 563760.00
79350.00, 564210.00
79400.00, 564660.00
79450.00, 565110.00
79500.00, 565560.00
79550.00, 566010.00
79600.00, 566460.00
79650.00, 566910.00
79700.00, 567360.00
79750.00, 567810.00
79800.00, 568260.00
79850.00, 568710.00
79900.00, 569160.00
79950.00, 569610.00
80000.00, 570060.00
80050.00, 570510.00
80100.00, 570960.00
80150.00, 571410.00
80200.00, 571860.00
80250.00, 572310.00
80300.00, 572760.00
80350.00, 573210.00
80400.00, 573660.00
80450.00, 574110.00
80500.00, 574560.00
80550.00, 575010.00
80600.00, 575460.00
80650.00, 575910.00
80700.00, 576360.00
80750.00, 576810.00
80800.00, 577260.00
80850.00, 577710.00
80900.00, 578160.00
80950.00, 578610.00
81000.00, 579060.00
81050.00, 579510.00
81100.00, 579960.00
81150.00, 580410.00
81200.00, 580860.00
81250.00, 581310.00
81300.00, 581760.00
81350.00, 582210.00
81400.00, 582660.00
81450.00, 583110.00
81500.00, 583560.00
81550.00, 584010.00
81600.00, 584460.00
81650.00, 584910.00
81700.00, 585360.00
81750.00, 585810.00
81800.00, 586260.00
81850.00, 586710.00
81900.00, 587160.00
81950.00, 587610.00
82000.00, 588060.00
82050.00, 588510.00
82100.00, 588960.00
82150.00, 589410.00
82200.00, 589860.00
82250.00, 590310.00
82300.00, 590760.00
82350.00, 591210.00
82400.00, 591660.00
82450.00, 592110.00
82500.00, 592560.00
82550.00, 593010.00
82600.00, 593460.00
82650.00, 593910.00
82700.00, 594360.00
82750.00, 594810.00
82800.00, 595260.00
82850.00, 595710.00
82900.00, 596160.00
82950.00, 596610.00
83000.00, 597060.00
83050.00, 597510.00
83100.00, 597960.00
83150.00, 598410.00
83200.00, 598860.00
83250.00, 599310.00
83300.00, 599760.00
83350.00, 600210.00
83400.00, 600660.00
83450.00, 601110.00
83500.00, 601560.00
83550.00, 602010.00
83600.00, 602460.00
83650.00, 602910.00
83700.00, 603360.00
83750.00, 603810.00
83800.00, 604260.00
83850.00, 604710.00
83900.00, 605160.00
83950.00, 605610.00
84000.00, 606060.00
84050.00, 606510.00
84100.00, 606960.00
84150.00, 607410.00
84200.00, 607860.00
84250.00, 608310.00
84300.00, 608760.00
84350.00, 609210.00
84400.00, 609660.00
84450.00, 610110.00
84500.00, 610560.00
84550.00, 611010.00
84600.00, 611460.00
84650.00, 611910.00
84700.00, 612360.00
84750.00, 612810.00
84800.00, 613260.00
84850.00, 613710.00
84900.00, 614160.00
84950.00, 614610.00
85000.00, 615060.00
85050.00, 615510.00
85100.00, 615960.00
85150.00, 616410.00
85200.00, 616860.00
85250.00, 617310.00
85300.00, 617760.00
85350.00, 618210.00
85400.00, 618660.00
85450.00, 619110.00
85500.00, 619560.00
85550.00, 620010.00
85600.00, 620460.00
85650.00, 620910.00
85700.00, 621360.00
85750.00, 621810.00
85800.00, 622260.00
85850.00, 622710.00
85900.00, 623160.00
85950.00, 623610.00
86000.00, 624060.00
86050.00, 624510.00
86100.00, 624960.00
86150.00, 625410.00
86200.00, 625860.00
86250.00, 626310.00
86300.00, 626760.00
86350.00, 627210.00
86400.00, 627660.00
86450.00, 628110.00
86500.00, 628560.00
86550.00, 629010.00
86600.00, 629460.00
86650.00, 629910.00
86700.00, 630360.00
86750.00, 630810.00
86800.00, 631260.00
86850.00, 631710.00
86900.00, 632160.00
86950.00, 632610.00
87000.00, 633060.00
87050.00, 633510.00
87100.00, 633960.00
87150.00, 634410.00
87200.00, 634860.00
87250.00, 635310.00
87300.00, 635760.00
87350.00, 636210.00
87400.00, 636660.00
87450.00, 637110.00
87500.00, 637560.00
87550.00, 638010.00
87600.00, 638460.00
87650.00, 638910.00
87700.00, 639360.00
87750.00, 639810.00
87800.00, 640260.00
87850.00, 640710.00
87900.00, 641160.00
87950.00, 641610.00
88000.00, 642060.00
88050.00, 642510.00
88100.00, 642960.00
88150.00, 643410.00
88200.00, 643860.00
88250.00, 644310.00
88300.00, 644760.00
88350.00, 645210.00
88400.00, 645660.00
88450.00, 646110.00
88500.00, 646560.00
88550.00, 647010.00
88600.00, 647460.00
88650.00, 647910.00
88700.00, 648360.00
88750.00, 648810.00
88800.00, 649260.00
88850.00, 649710.00
88900.00, 650160.00
88950.00, 650610.00
89000.00, 651060.00
89050.00, 651510.00
89100.00, 651960.00
89150.00, 652410.00
89200.00, 652860.00
89250.00, 653310.00
89300.00, 653760.00
89350.00, 654210.00
89400.00, 654660.00
89450.00, 655110.00
89500.00, 655560.00
89550.00, 656010.00
89600.00, 656460.00
89650.00, 656910.00
89700.00, 657360.00
89750.00, 657810.00
89800.00, 658260.00
89850.00, 658710.00
89900.00, 659160.00
89950.00, 659610.00
90000.00, 660060.00
90050.00, 660510.00
90100.00, 660960.00
90150.00, 661410.00
90200.00, 661860.00
90250.00, 662310.00
90300.00, 662760.00
90350.00, 663210.00
90400.00, 663660.00
90450.00, 664110.00
90500.00, 664560.00
90550.00, 665010.00
90600.00, 665460.00
90650.00, 665910.00
90700.00, 666360.00
90750.00, 666810.00
90800.00, 667260.00
90850.00, 667710.00
90900.00, 668160.00
90950.00, 668610.00
91000.00, 669060.00
91050.00, 669510.00
91100.00, 669960.00
91150.00, 670410.00
91200.00, 670860.00
91250.00, 671310.00
91300.00, 671760.00
91350.00, 672210.00
91400.00, 672660.00
91450.00, 673110.00
91500.00, 673560.00
91550.00, 674010.00
91600.00, 674460.00
91650.00, 674910.00
91700.00, 675360.00
91750.00, 675810.00
91800.00, 676260.00
91850.00, 676710.00
91900.00, 677160.00
91950.00, 677610.00
92000.00, 678060.00
92050.00, 678510.00
92100.00, 678960.00
92150.00, 679410.00
92200.00, 679860.00
92250.00, 680310.00
92300.00, 680760.00
92350.00, 681210.00
92400.00, 681660.00
92450.00, 682110.00
92500.00, 682560.00
92550.00, 683010.00
92600.00, 683460.00
92650.00, 683910.00
92700.00, 684360.00
92750.00, 684810.00
92800.00, 685260.00
92850.00, 685710.00
92900.00, 686160.00
92950.00, 686610.00
93000.00, 687060.00
93050.00, 687510.00
93100.00, 687960.00
93150.00, 688410.00
93200.00, 688860.00
93250.00, 689310.00
93300.00, 689760.00
93350.00, 690210.00
93400.00, 690660.00
93450.00, 691110.00
93500.00, 691560.00
93550.00, 692010.00
93600.00, 692460.00
93650.00, 692910.00
93700.00, 693360.00
93750.00, 693810.00
93800.00, 694260.00
93850.00, 694710.00
93900.00, 695160.00
93950.00, 695610.00
94000.00, 696060.00
94050.00, 696510.00
94100.00, 696960.00
94150.00, 697410.00
94200.00, 697860.00
94250.00, 698310.00
94300.00, 698760.00
94350.00, 699210.00
94400.00, 699660.00
94450.00, 700110.00
94500.00, 700560.00
94550.00, 701010.00
94600.00, 701460.00
94650.00, 701910.00
94700.00, 702360.00
94750.00, 702810.00
94800.00, 703260.00
94850.00, 703710.00
94900.00, 704160.00
94950.00, 704610.00
95000.00, 705060.00
95050.00, 705510.00
95100.00, 705960.00
95150.00, 706410.00
95200.00, 706860.00
95250.00, 707310.00
95300.00, 707760.00
95350.00, 708210.00
95400.00, 708660.00
95450.00, 709110.00
95500.00, 709560.00
95550.00, 710010.00
95600.00, 710460.00
95650.00, 710910.00
95700.00, 711360.00
95750.00, 711810.00
95800.00, 712260.00
95850.00, 712710.00
95900.00, 713160.00
95950.00, 713610.00
96000.00, 714060.00
96050.00, 714510.00
96100.00, 714960.00
96150.00, 715410.00
96200.00, 715860.00
96250.00, 716310.00
96300.00, 716760.00
96350.00, 717210.00
96400.00, 717660.00
96450.00, 718110.00
96500.00, 718560.00
96550.00, 719010.00
96600.00, 719460.00
96650.00, 719910.00
96700.00, 720360.00
96750.00, 720810.00
96800.00, 721260.00
96850.00, 721710.00
96900.00, 722160.00
96950.00, 722610.00
97000.00, 723060.00
97050.00, 723510.00
97100.00, 723960.00
97150.00, 724410.00
97200.00, 724860.00
97250.00, 725310.00
97300.00, 725760.00
97350.00, 726210.00
97400.00, 726660.00
97450.00, 727110.00
97500.00, 727560.00
97550.00, 728010.00
97600.00, 728460.00
97650.00, 728910.00
97700.00, 729360.00
97750.00, 729810.00
97800.00, 730260.00
97850.00, 730710.00
97900.00, 731160.00
97950.00, 731610.00
98000.00, 732060.00
98050.00, 732510.00
98100.00, 732960.00
98150.00, 733410.00
98200.00, 733860.00
98250.00, 734310.00
98300.00, 734760.00
98350.00, 735210.00
98400.00, 735660.00
98450.00, 736110.00
98500.00, 736560.00
98550.00, 737010.00
98600.00, 737460.00
98650.00, 737910.00
98700.00, 738360.00
98750.00, 738810.00
98800.00, 739260.00
98850.00, 739710.00
98900.00, 740160.00
98950.00, 740610.00
99000.00, 741060.00
99050.00, 741510.00
99100.00, 741960.00
99150.00, 742410.00
99200.00, 742860.00
99250.00, 743310.00
99300.00, 743760.00
99350.00, 744210.00
99400.00, 744660.00
99450.00, 745110.00
99500.00, 745560.00
99550.00, 746010.00
99600.00, 746460.00
99650.00, 746910.00
99700.00, 747360.00
99750.00, 747810.00
99800.00, 748260.00
99850.00, 748710.00
99900.00, 749160.00
99950.00, 749610.00
100000.00, 750060.00
100050.00, 750510.00
100100.00, 750960.00
100150.00, 751410.00
100200.00, 751860.00
100250.00, 752310.00
100300.00, 752760.00
100350.00, 753210.00
100400.00, 753660.00
100450.00, 754110.00
100500.00, 754560.00
100550.00, 755010.00
100600.00, 755460.00
100650.00, 755910.00
100700.00, 756360.00
100750.00, 756810.00
100800.00, 757260.00
100850.00, 757710.00
100900.00, 758160.00
100950.00, 758610.00
101000.00, 759060.00
101050.00, 759510.00
101100.00, 759960.00
101150.00, 760410.00
101200.00, 760860.00
101250.00, 761310.00
101300.00, 761760.00
101350.00, 762210.00
101400.00, 762660.00
101450.00, 763110.00
101500.00, 763560.00
101550.00, 764010.00
101600.00, 764460.00
101650.00, 764910.00
101700.00, 765360.00
101750.00, 765810.00
101800.00, 766260.00
101850.00, 766710.00
101900.00, 767160.00
101950.00, 767610.00
102000.00, 768060.00
102050.00, 768510.00
102100.00, 768960.00
102150.00, 769410.00
102200.00, 769860.00
102250.00, 770310.00
102300.00, 770760.00
102350.00, 771210.00
102400.00, 771660.00
102450.00, 772110.00
102500.00, 772560.00
102550.00, 773010.00
102600.00, 773460.00
102650.00, 773910.00
102700.00, 774360.00
102750.00, 774810.00
102800.00, 775260.00
102850.00, 775710.00
102900.00, 776160.00
102950.00, 776610.00
103000.00, 777060.00
103050.00, 777510.00
103100.00, 777960.00
103150.00, 778410.00
103200.00, 778860.00
103250.00, 779310.00
103300.00, 779760.00
103350.00, 780210.00
103400.00, 780660.00
103450.00, 781110.00
103500.00, 781560.00
103550.00, 782010.00
103600.00, 782460.00
103650.00, 782910.00
103700.00, 783360.00
103750.00, 783810.00
103800.00, 784260.00
103850.00, 784710.00
103900.00, 785160.00
103950.00, 785610.00
104000.00, 786060.00
104050.00, 786510.00
104100.00, 786960.00
104150.00, 787410.00
104200.00, 787860.00
104250.00, 788310.00
104300.00, 788760.00
104350.00, 789210.00
104400.00, 789660.00
104450.00, 790110.00
104500.00, 790560.00
104550.00, 791010.00
104600.00, 791460.00
104650.00, 791910.00
104700.00, 792360.00
104750.00, 792810.00
104800.00, 793260.00
104850.00, 793710.00
104900.00, 794160.00
104950.00, 794610.00
105000.00, 795060.00
105050.00, 795510.00
105100.00, 795960.00
105150.00, 796410.00
105200.00, 796860.00
105250.00, 797310.00
105300.00, 797760.00
105350.00, 798210.00
105400.00, 798660.00
105450.00, 799110.00
105500.00, 799560.00
105550.00, 800010.00
105600.00, 800460.00
105650.00, 800910.00
105700.00, 801360.00
105750.00, 801810.00
105800.00, 802260.00
105850.00, 802710.00
105900.00, 803160.00
105950.00, 803610.00
106000.00, 804060.00
106050.00, 804510.00
106100.00, 804960.00
106150.00, 805410.00
106200.00, 805860.00
106250.00, 806310.00
106300.00, 806760.00
106350.00, 807210.00
106400.00, 807660.00
106450.00, 808110.00
106500.00, 808560.00
106550.00, 809010.00
106600.00, 809460.00
106650.00, 809910.00
106700.00, 810360.00
106750.00, 810810.00
106800.00, 811260.00
106850.00, 811710.00
106900.00, 812160.00
106950.00, 812610.00
107000.00, 813060.00
107050.00, 813510.00
107100.00, 813960.00
107150.00, 814410.00
107200.00, 814860.00
107250.00, 815310.00
107300.00, 815760.00
107350.00, 816210.00
107400.00, 816660.00
107450.00, 817110.00
107500.00, 817560.00
107550.00, 818010.00
107600.00, 818460.00
107650.00, 818910.00
107700.00, 819360.00
107750.00, 819810.00
107800.00, 820260.00
107850.00, 820710.00
107900.00, 821160.00
107950.00, 821610.00
108000.00, 822060.00
108050.00, 822510.00
108100.00, 822960.00
108150.00, 823410.00
108200.00, 823860.00
108250.00, 824310.00
108300.00, 824760.00
108350.00, 825210.00
108400.00, 825660.00
108450.00, 826110.00
108500.00, 826560.00
108550.00, 827010.00
108600.00, 827460.00
108650.00, 827910.00
108700.00, 828360.00
108750.00, 828810.00
108800.00, 829260.00
108850.00, 829710.00
108900.00, 830160.00
108950.00, 830610.00
109000.00, 831060.00
109050.00, 831510.00
109100.00, 831960.00
109150.00, 832410.00
109200.00, 832860.00
109250.00, 833310.00
109300.00, 833760.00
109350.00, 834210.00
109400.00, 834660.00
109450.00, 835110.00
109500.00, 835560.00
109550.00, 836010.00
109600.00, 836460.00
109650.00, 836910.00
109700.00, 837360.00
109750.00, 837810.00
109800.00, 838260.00
109850.00, 838710.00
109900.00, 839160.00
109950.00, 839610.00
110000.00, 840060.00
110050.00, 840510.00
110100.00, 840960.00
110150.00, 841410.00
110200.00, 841860.00
110250.00, 842310.00
110300.00, 842760.00
110350.00, 843210.00
110400.00, 843660.00
110450.00, 844110.00
110500.00, 844560.00
110550.00, 845010.00
110600.00, 845460.00
110650.00, 845910.00
110700.00, 846360.00
110750.00, 846810.00
110800.00, 847260.00
110850.00, 847710.00
110900.00, 848160.00
110950.00, 848610.00
111000.00, 849060.00
111050.00, 849510.00
111100.00, 849960.00
111150.00, 850410.00
111200.00, 850860.00
111250.00, 851310.00
111300.00, 851760.00
111350.00, 852210.00
111400.00, 852660.00
111450.00, 853110.00
111500.00, 853560.00
111550.00, 854010.00
111600.00, 854460.00
111650.00, 854910.00
111700.00, 855360.00
111750.00, 855810.00
111800.00, 856260.00
111850.00, 856710.00
111900.00, 857160.00
111950.00, 857610.00
112000.00, 858060.00
112050.00, 858510.00
112100.00, 858960.00
112150.00, 859410.00
112200.00, 859860.00
112250.00, 860310.00
112300.00, 860760.00
112350.00, 861210.00
112400.00, 861660.00
112450.00, 862110.00
112500.00, 862560.00
112550.00, 863010.00
112600.00, 863460.00
112650.00, 863910.00
112700.00, 864360.00
112750.00, 864810.00
112800.00, 865260.00
112850.00, 865710.00
112900.00, 866160.00
112950.00, 866610.00
113000.00, 867060.00
113050.00, 867510.00
113100.00, 867960.00
113150.00, 868410.00
113200.00, 868860.00
113250.00, 869310.00
113300.00, 869760.00
113350.00, 870210.00
113400.00, 870660.00
113450.00, 871110.00
113500.00, 871560.00
113550.00, 872010.00
113600.00, 872460.00
113650.00, 872910.00
113700.00, 873360.00
113750.00, 873810.00
113800.00, 874260.00
113850.00, 874710.00
113900.00, 875160.00
113950.00, 875610.00
114000.00, 876060.00
114050.00, 876510.00
114100.00, 876960.00
114150.00, 877410.00
114200.00, 877860.00
114250.00, 878310.00
114300.00, 878760.00
114350.00, 879210.00
114400.00, 879660.00
114450.00, 880110.00
114500.00, 880560.00
114550.00, 881010.00
114600.00, 881460.00
114650.00, 881910.00
114700.00, 882360.00
114750.00, 882810.00
114800.00, 883260.00
114850.00, 883710.00
114900.00, 884160.00
114950.00, 884610.00
115000.00, 885060.00
115050.00, 885510.00
115100.00, 885960.00
115150.00, 886410.00
115200.00, 886860.00
115250.00, 887310.00
115300.00, 887760.00
115350.00, 888210.00
115400.00, 888660.00
115450.00, 889110.00
115500.00, 889560.00
115550.00, 890010.00
115600.00, 890460.00
115650.00, 890910.00
115700.00, 891360.00
115750.00, 891810.00
115800.00, 892260.00
115850.00, 892710.00
115900.00, 893160.00
115950.00, 893610.00
116000.00, 894060.00
116050.00, 894510.00
116100.00, 894960.00
116150.00, 895410.00
116200.00, 895860.00
116250.00, 896310.00
116300.00, 896760.00
116350.00, 897210.00
116400.00, 897660.00
116450.00, 898110.00
116500.00, 898560.00
116550.00, 899010.00
116600.00, 899460.00
116650.00, 899910.00
116700.00, 900360.00
116750.00, 900810.00
116800.00, 901260.00
116850.00, 901710.00
116900.00, 902160.00
116950.00, 902610.00
117000.00, 903060.00
117050.00, 903510.00
117100.00, 903960.00
117150.00, 904410.00
117200.00, 904860.00
117250.00, 905310.00
117300.00, 905760.00
117350.00, 906210.00
117400.00, 906660.00
117450.00, 907110.00
117500.00, 907560.00
117550.00, 908010.00
117600.00, 908460.00
117650.00, 908910.00
117700.00, 909360.00
117750.00, 909810.00
117800.00, 910260.00
117850.00, 910710.00
117900.00, 911160.00
117950.00, 911610.00
118000.00, 912060.00
118050.00, 912510.00
118100.00, 912960.00
118150.00, 913410.00
118200.00, 913860.00
118250.00, 914310.00
118300.00, 914760.00
118350.00, 915210.00
118400.00, 915660.00
118450.00, 916110.00
118500.00, 916560.00
118550.00, 917010.00
118600.00, 917460.00
118650.00, 917910.00
118700.00, 918360.00
118750.00, 918810.00
118800.00, 919260.00
118850.00, 919710.00
118900.00, 920160.00
118950.00, 920610.00
119000.00, 921060.00
119050.00, 921510.00
119100.00, 921960.00
119150.00, 922410.00
119200.00, 922860.00
119250.00, 923310.00
119300.00, 923760.00
119350.00, 924210.00
119400.00, 924660.00
119450.00, 925110.00
119500.00, 925560.00
119550.00, 926010.00
119600.00, 926460.00
119650.00, 926910.00
119700.00, 927360.00
119750.00, 927810.00
119800.00, 928260.00
119850.00, 928710.00
119900.00, 929160.00
119950.00, 929610.00
120000.00, 930060.00
120050.00, 930510.00
120100.00, 930960.00
120150.00, 931410.00
120200.00, 931860.00
120250.00, 932310.00
120300.00, 932760.00
120350.00, 933210.00
120400.00, 933660.00
120450.00, 934110.00
120500.00, 934560.00
120550.00, 935010.00
120600.00, 935460.00
120650.00, 935910.00
120700.00, 936360.00
120750.00, 936810.00
120800.00, 937260.00
120850.00, 937710.00
120900.00, 938160.00
120950.00, 938610.00
121000.00, 939060.00
121050.00, 939510.00
121100.00, 939960.00
121150.00, 940410.00
121200.00, 940860.00
121250.00, 941310.00
121300.00, 941760.00
121350.00, 942210.00
121400.00, 942660.00
121450.00, 943110.00
121500.00, 943560.00
121550.00, 944010.00
121600.00, 944460.00
121650.00, 944910.00
121700.00, 945360.00
121750.00, 945810.00
121800.00, 946260.00
121850.00, 946710.00
121900.00, 947160.00
121950.00, 947610.00
122000.00, 948060.00
122050.00, 948510.00
122100.00, 948960.00
122150.00, 949410.00
122200.00, 949860.00
122250.00, 950310.00
122300.00, 950760.00
122350.00, 951210.00
122400.00, 951660.00
122450.00, 952110.00
122500.00, 952560.00
122550.00, 953010.00
122600.00, 953460.00
122650.00, 953910.00
122700.00, 954360.00
122750.00, 954810.00
122800.00, 955260.00
122850.00, 955710.00
122900.00, 956160.00
122950.00, 956610.00
123000.00, 957060.00
123050.00, 957510.00
123100.00, 957960.00
123150.00, 958410.00
123200.00, 958860.00
123250.00, 959310.00
123300.00, 959760.00
123350.00, 960210.00
123400.00, 960660.00
123450.00, 961110.00
123500.00, 961560.00
123550.00, 962010.00
123600.00, 962460.00
123650.00, 962910.00
123700.00, 963360.00
123750.00, 963810.00
123800.00, 964260.00
123850.00, 964710.00
123900.00, 965160.00
123950.00, 965610.00
124000.00, 966060.00
124050.00, 966510.00
124100.00, 966960.00
124150.00, 967410.00
124200.00, 967860.00
124250.00, 968310.00
124300.00, 968760.00
124350.00, 969210.00
124400.00, 969660.00
124450.00, 970110.00
124500.00, 970560.00
124550.00, 971010.00
124600.00, 971460.00
124650.00, 971910.00
124700.00, 972360.00
124750.00, 972810.00
124800.00, 973260.00
124850.00, 973710.00
124900.00, 974160.00
124950.00, 974610.00
125000.00, 975060.00
125050.00, 975510.00
125100.00, 975960.00
125150.00, 976410.00
125200.00, 976860.00
125250.00, 977310.00
125300.00, 977760.00
125350.00, 978210.00
125400.00, 978660.00
125450.00, 979110.00
125500.00, 979560.00
125550.00, 980010.00
125600.00, 980460.00
125650.00, 980910.00
125700.00, 981360.00
125750.00, 981810.00
125800.00, 982260.00
125850.00, 982710.00
125900.00, 983160.00
125950.00, 983610.00
126000.00, 984060.00
126050.00, 984510.00
126100.00, 984960.00
126150.00, 985410.00
126200.00, 985860.00
126250.00, 986310.00
126300.00, 986760.00
126350.00, 987210.00
126400.00, 987660.00
126450.00, 988110.00
126500.00, 988560.00
126550.00, 989010.00
126600.00, 989460.00
126650.00, 989910.00
126700.00, 990360.00
126750.00, 990810.00
126800.00, 991260.00
126850.00, 991710.00
126900.00, 992160.00
126950.00, 992610.00
127000.00, 993060.00
127050.00, 993510.00
127100.00, 993960.00
127150.00, 994410.00
127200.00, 994860.00
127250.00, 995310.00
127300.00, 995760.00
127350.00, 996210.00
127400.00, 996660.00
127450.00, 997110.00
127500.00, 997560.00
127550.00, 998010.00
127600.00, 998460.00
127650.00, 998910.00
127700.00, 999360.00
127750.00, 999810.00
127800.00, 1000260.00
127850.00, 1000710.00
127900.00, 1001160.00
127950.00, 1001610.00
128000.00, 1002060.00
128050.00, 1002510.00
128100.00, 1002960.00
128150.00, 1003410.00
128200.00, 1003860.00
128250.00, 1004310.00
128300.00, 1004760.00
128350.00, 1005210.00
128400.00, 1005660.00
128450.00, 1006110.00
128500.00, 1006560.00
128550.00, 1007010.00
128600.00, 1007460.00
128650.00, 1007910.00
128700.00, 1008360.00
128750.00, 1008810.00
128800.00, 1009260.00
128850.00, 1009710.00
128900.00, 1010160.00
128950.00, 1010610.00
129000.00, 1011060.00
129050.00, 1011510.00
129100.00, 1011960.00
129150.00, 1012410.00
129200.00, 1012860.00
129250.00, 1013310.00
129300.00, 1013760.00
129350.00, 1014210.00
129400.00, 1014660.00
129450.00, 1015110.00
129500.00, 1015560.00
129550.00, 1016010.00
129600.00, 1016460.00
129650.00, 1016910.00
129700.00, 1017360.00
129750.00, 1017810.00
129800.00, 1018260.00
129850.00, 1018710.00
129900.00, 1019160.00
129950.00, 1019610.00
130000.00, 1020060.00
130050.00, 1020510.00
130100.00, 1020960.00
130150.00, 1021410.00
130200.00, 1021860.00
130250.00, 1022310.00
130300.00, 1022760.00
130350.00, 1023210.00
130400.00, 1023660.00
130450.00, 1024110.00
130500.00, 1024560.00
130550.00, 1025010.00
130600.00, 1025460.00
130650.00, 1025910.00
130700.00, 1026360.00
130750.00, 1026810.00
130800.00, 1027260.00
130850.00, 1027710.00
130900.00, 1028160.00
130950.00, 1028610.00
131000.00, 1029060.00
131050.00, 1029510.00
131100.00, 1029960.00
131150.00, 1030410.00
131200.00, 1030860.00
131250.00, 1031310.00
131300.00, 1031760.00
131350.00, 1032210.00
131400.00, 1032660.00
131450.00, 1033110.00
131500.00, 1033560.00
131550.00, 1034010.00
131600.00, 1034460.00
131650.00, 1034910.00
131700.00, 1035360.00
131750.00, 1035810.00
131800.00, 1036260.00
131850.00, 1036710.00
131900.00, 1037160.00
131950.00, 1037610.00
132000.00, 1038060.00
132050.00, 1038510.00
132100.00, 1038960.00
132150.00, 1039410.00
132200.00, 1039860.00
132250.00, 1040310.00
132300.00, 1040760.00
132350.00, 1041210.00
132400.00, 1041660.00
132450.00, 1042110.00
132500.00, 1042560.00
132550.00, 1043010.00
132600.00, 1043460.00
132650.00, 1043910.00
132700.00, 1044360.00
132750.00, 1044810.00
132800.00, 1045260.00
132850.00, 1045710.00
132900.00, 1046160.00
132950.00, 1046610.00
133000.00, 1047060.00
133050.00, 1047510.00
133100.00, 1047960.00
133150.00, 1048410.00
133200.00, 1048860.00
133250.00, 1049310.00
133300.00, 1049760.00
133350.00, 1050210.00
133400.00, 1050660.00
133450.00, 1051110.00
133500.00, 1051560.00
133550.00, 1052010.00
133600.00, 1052460.00
133650.00, 1052910.00
133700.00, 1053360.00
133750.00, 1053810.00
133800.00, 1054260.00
133850.00, 1054710.00
133900.00, 1055160.00
133950.00, 1055610.00
134000.00, 1056060.00
134050.00, 1056510.00
134100.00, 1056960.00
134150.00, 1057410.00
134200.00, 1057860.00
134250.00, 1058310.00
134300.00, 1058760.00
134350.00, 1059210.00
134400.00, 1059660.00
134450.00, 1060110.00
134500.00, 1060560.00
134550.00, 1061010.00
134600.00, 1061460.00
134650.00, 1061910.00
134700.00, 1062360.00
134750.00, 1062810.00
134800.00, 1063260.00
134850.00, 1063710.00
134900.00, 1064160.00
134950.00, 1064610.00
135000.00, 1065060.00
135050.00, 1065510.00
135100.00, 1065960.00
135150.00, 1066410.00
135200.00, 1066860.00
135250.00, 1067310.00
135300.00, 1067760.00
135350.00, 1068210.00
135400.00, 1068660.00
135450.00, 1069110.00
135500.00, 1069560.00
135550.00, 1070010.00
135600.00, 1070460.00
135650.00, 1070910.00
135700.00, 1071360.00
135750.00, 1071810.00
135800.00, 1072260.00
135850.00, 1072710.00
135900.00, 1073160.00
135950.00, 1073610.00
136000.00, 1074060.00
136050.00, 1074510.00
136100.00, 1074960.00
136150.00, 1075410.00
136200.00, 1075860.00
136250.00, 1076310.00
136300.00, 1076760.00
136350.00, 1077210.00
136400.00, 1077660.00
136450.00, 1078110.00
136500.00, 1078560.00
136550.00, 1079010.00
136600.00, 1079460.00
136650.00, 1079910.00
136700.00, 1080360.00
136750.00, 1080810.00
136800.00, 1081260.00
136850.00, 1081710.00
136900.00, 1082160.00
136950.00, 1082610.00
137000.00, 1083060.00
137050.00, 1083510.00
137100.00, 1083960.00
137150.00, 1084410.00
137200.00, 1084860.00
137250.00, 1085310.00
137300.00, 1085760.00
137350.00, 1086210.00
137400.00, 1086660.00
137450.00, 1087110.00
137500.00, 1087560.00
137550.00, 1088010.00
137600.00, 1088460.00
137650.00, 1088910.00
137700.00, 1089360.00
137750.00, 1089810.00
137800.00, 1090260.00
137850.00, 1090710.00
137900.00, 1091160.00
137950.00, 1091610.00
138000.00, 1092060.00
138050.00, 1092510.00
138100.00, 1092960.00
138150.00, 1093410.00
138200.00, 1093860.00
138250.00, 1094310.00
138300.00, 1094760.00
138350.00, 1095210.00
138400.00, 1095660.00
138450.00, 1096110.00
138500.00, 1096560.00
138550.00, 1097010.00
138600.00, 1097460.00
138650.00, 1097910.00
138700.00, 1098360.00
138750.00, 1098810.00
138800.00, 1099260.00
138850.00, 1099710.00
138900.00, 1100160.00
138950.00, 1100610.00
139000.00, 1101060.00
139050.00, 1101510.00
139100.00, 1101960.00
139150.00, 1102410.00
139200.00, 1102860.00
139250.00, 1103310.00
139300.00, 1103760.00
139350.00, 1104210.00
139400.00, 1104660.00
139450.00, 1105110.00
139500.00, 1105560.00
139550.00, 1106010.00
139600.00, 1106460.00
139650.00, 1106910.00
139700.00, 1107360.00
139750.00, 1107810.00
139800.00, 1108260.00
139850.00, 1108710.00
139900.00, 1109160.00
139950.00, 1109610.00
140000.00, 1110060.00
140050.00, 1110510.00
140100.00, 1110960.00
140150.00, 1111410.00
140200.00, 1111860.00
140250.00, 1112310.00
140300.00, 1112760.00
140350.00, 1113210.00
140400.00, 1113660.00
140450.00, 1114110.00
140500.00, 1114560.00
140550.00, 1115010.00
140600.00, 1115460.00
140650.00, 1115910.00
140700.00, 1116360.00
140750.00, 1116810.00
140800.00, 1117260.00
140850.00, 1117710.00
140900.00, 1118160.00
140950.00, 1118610.00
141000.00, 1119060.00
141050.00, 1119510.00
141100.00, 1119960.00
141150.00, 1120410.00
141200.00, 1120860.00
141250.00, 1121310.00
141300.00, 1121760.00
141350.00, 1122210.00
141400.00, 1122660.00
141450.00, 1123110.00
141500.00, 1123560.00
141550.00, 1124010.00
141600.00, 1124460.00
141650.00, 1124910.00
141700.00, 1125360.00
141750.00, 1125810.00
141800.00, 1126260.00
141850.00, 1126710.00
141900.00, 1127160.00
141950.00, 1127610.00
142000.00, 1128060.00
142050.00, 1128510.00
142100.00, 1128960.00
142150.00, 1129410.00
142200.00, 1129860.00
142250.00, 1130310.00
142300.00, 1130760.00
142350.00, 1131210.00
142400.00, 1131660.00
142450.00, 1132110.00
142500.00, 1132560.00
142550.00, 1133010.00
142600.00, 1133460.00
142650.00, 1133910.00
142700.00, 1134360.00
142750.00, 1134810.00
142800.00, 1135260.00
142850.00, 1135710.00
142900.00, 1136160.00
142950.00, 1136610.00
143000.00, 1137060.00
143050.00, 1137510.00
143100.00, 1137960.00
143150.00, 1138410.00
143200.00, 1138860.00
143250.00, 1139310.00
143300.00, 1139760.00
143350.00, 1140210.00
143400.00, 1140660.00
143450.00, 1141110.00
143500.00, 1141560.00
143550.00, 1142010.00
143600.00, 1142460.00
143650.00, 1142910.00
143700.00, 1143360.00
143750.00, 1143810.00
143800.00, 1144260.00
143850.00, 1144710.00
143900.00, 1145160.00
143950.00, 1145610.00
144000.00, 1146060.00
144050.00, 1146510.00
144100.00, 1146960.00
144150.00, 1147410.00
144200.00, 1147860.00
144250.00, 1148310.00
144300.00, 1148760.00
144350.00, 1149210.00
144400.00, 1149660.00
144450.00, 1150110.00
144500.00, 1150560.00
144550.00, 1151010.00
144600.00, 1151460.00
144650.00, 1151910.00
144700.00, 1152360.00
144750.00, 1152810.00
144800.00, 1153260.00
144850.00, 1153710.00
144900.00, 1154160.00
144950.00, 1154610.00
145000.00, 1155060.00
145050.00, 1155510.00
145100.00, 1155960.00
145150.00, 1156410.00
145200.00, 1156860.00
145250.00, 1157310.00
145300.00, 1157760.00
145350.00, 1158210.00
145400.00, 1158660.00
145450.00, 1159110.00
145500.00, 1159560.00
145550.00, 1160010.00
145600.00, 1160460.00
145650.00, 1160910.00
145700.00, 1161360.00
145750.00, 1161810.00
145800.00, 1162260.00
145850.00, 1162710.00
145900.00, 1163160.00
145950.00, 1163610.00
146000.00, 1164060.00
146050.00, 1164510.00
146100.00, 1164960.00
146150.00, 1165410.00
146200.00, 1165860.00
146250.00, 1166310.00
146300.00, 1166760.00
146350.00, 1167210.00
146400.00, 1167660.00
146450.00, 1168110.00
146500.00, 1168560.00
146550.00, 1169010.00
146600.00, 1169460.00
146650.00, 1169910.00
146700.00, 1170360.00
146750.00, 1170810.00
146800.00, 1171260.00
146850.00, 1171710.00
146900.00, 1172160.00
146950.00, 1172610.00
147000.00, 1173060.00
147050.00, 1173510.00
147100.00, 1173960.00
147150.00, 1174410.00
147200.00, 1174860.00
147250.00, 1175310.00
147300.00, 1175760.00
147350.00, 1176210.00
147400.00, 1176660.00
147450.00, 1177110.00
147500.00, 1177560.00
147550.00, 1178010.00
147600.00, 1178460.00
147650.00, 1178910.00
147700.00, 1179360.00
147750.00, 1179810.00
147800.00, 1180260.00
147850.00, 1180710.00
147900.00, 1181160.00
147950.00, 1181610.00
148000.00, 1182060.00
148050.00, 1182510.00
148100.00, 1182960.00
148150.00, 1183410.00
148200.00, 1183860.00
148250.00, 1184310.00
148300.00, 1184760.00
148350.00, 1185210.00
148400.00, 1185660.00
148450.00, 1186110.00
148500.00, 1186560.00
148550.00, 1187010.00
148600.00, 1187460.00
148650.00, 1187910.00
148700.00, 1188360.00
148750.00, 1188810.00
148800.00, 1189260.00
148850.00, 1189710.00
148900.00, 1190160.00
148950.00, 1190610.00
149000.00, 1191060.00
149050.00, 1191510.00
149100.00, 1191960.00
149150.00, 1192410.00
149200.00, 1192860.00
149250.00, 1193310.00
149300.00, 1193760.00
149350.00, 1194210.00
149400.00, 1194660.00
149450.00, 1195110.00
149500.00, 1195560.00
149550.00, 1196010.00
149600.00, 1196460.00
149650.00, 1196910.00
149700.00, 1197360.00
149750.00, 1197810.00
149800.00, 1198260.00
149850.00, 1198710.00
149900.00, 1199160.00
149950.00, 1199610.00
